Latitude,Longitude,TimeZoneOffset,Date,Time,JulianDay,JulianCentury,GeomMeanLongSun,GeomMeanAnomSun,EccentEarthOrbit,SunEqofCtr,SunTrueLong,SunTrueAnom,SunRadVector,SunAppLong,MeanObliqEcliptic,ObliqCorr,SunRtAscen,SunDeclin,vary,EqofTime,HaSunrise,SolarNoon,SunriseTime,SunsetTime,SunlightDuration,TrueSolarTime,HourAngle,SolarZenithAngle,SolarElevationAngle,ApproxAtmosphericRefraction,SolarElevation,SolarAzimuthAngle
55.0,-28.0,-6,12/16/13,12:00:00 AM,2456642.7500000000000000,0.1395687885010270,265.0502961835800000,5381.8729431688400000,0.0167027644787919,-0.6075215915319710,264.4427745920480000,5381.2654215773100000,0.9841548748787370,264.4398327746140000,23.4374761335007000,23.4353815413041000,-96.0565030395668000,-23.3185791501499000,0.0430197663203909,4.3979772286842000,53.9843709248843000,7:47:36 AM,4:11:40 AM,11:23:32 AM,431.8749673990740000,252.3979772286840000,-116.9005056928290000,124.2336441821690000,-34.2336441821688000,0.0084795823089625,-34.2251645998599000,#REF!
-86.0,38.0,7,8/23/16,12:00:00 AM,2457623.2083333300000000,0.1664122746977000,151.4364666751580000,6348.2129514593700000,0.0167016350184997,-1.4072968430701400,150.0291698320880000,6346.8056546163000000,1.0112829120023100,150.0220963457240000,23.4371270559379000,23.4346766278060000,152.1097305468180000,11.4620473050317000,0.0430171047835304,-2.7246820673593500,#NUM!,4:30:43 PM,#NUM!,#NUM!,#NUM!,1169.2753179326400000,112.3188294831600000,102.9556713589300000,-12.9556713589295000,0.0250811313222198,-12.9305902276073000,248.4844283264060000
-31.0,-104.0,-1,12/18/05,12:00:00 AM,2453722.5416666700000000,0.0596178416609586,266.7546564752140000,2503.7147895878100000,0.0167061273944619,-0.5477874727066360,266.2068690025070000,2503.1670021151000000,0.9839876476936920,266.2003710752710000,23.4385158302861000,23.4410389975283000,-94.1402808848630000,-23.3864431652638000,0.0430411303656042,3.5367824523802800,106.1602901428170000,5:52:28 PM,10:47:49 AM,12:57:06 AM,849.2823211425390000,1087.5367824523800000,91.8841956130951000,79.7137260107371000,10.2862739892629000,0.0857959963754707,10.3720699856384000,248.8020874328300000
7.0,-72.0,-7,8/23/17,12:00:00 AM,2457988.7916666700000000,0.1764214008669820,151.7727151353270000,6708.5319872588900000,0.0167012138300963,-1.4143627787258500,150.3583523566010000,6707.1176244801700000,1.0112146436308800,150.3498404072810000,23.4369968954751000,23.4349306281028000,152.4227212156480000,11.3467942457873000,0.0430180638003657,-2.6373760740388600,92.2682639652365000,9:50:38 AM,3:41:34 AM,3:59:43 PM,738.1461117218920000,129.3626239259610000,-147.6593440185100000,142.9601434993180000,-52.9601434993179000,0.0043543031326272,-52.9557891961853000,#REF!
90.0,134.0,8,4/8/18,12:00:00 AM,2458216.1666666700000000,0.1826465890942230,15.8842843304110000,6932.6328509725200000,0.0167009518586506,1.9095821796087400,17.7938665100197000,6934.5424331521300000,1.0010461514247900,17.7846118369979000,23.4369159420267000,23.4352103965656000,16.3996075000577000,6.9773478902445000,0.0430191201222312,-2.0794232047624200,#NUM!,11:06:05 AM,#NUM!,#NUM!,#NUM!,53.9205767952376000,-166.5198558011910000,83.0226521097555000,6.9773478902445000,0.1221339293423320,7.0994818195868300,#REF!
36.0,49.0,-10,12/6/01,12:00:00 AM,2452249.9166666700000000,0.0192995665069545,255.2657117485780000,1052.2951752018000000,0.0167078226569304,-0.9068312200125360,254.3588805285660000,1051.3883439817900000,0.9852703577515490,254.3484143392400000,23.4390401362742000,23.4391423373190000,-106.9813261075860000,-22.5212035442212000,0.0430339674372375,8.9267834195754300,73.6320263503864000,###############################################################################################################################################################################################################################################################,###############################################################################################################################################################################################################################################################,3:29:36 AM,589.0562108030910000,804.9267834195750000,21.2316958548939000,61.8710437288748000,28.1289562711252000,0.0300620052637331,28.1590182763889000,202.2918948283040000
76.0,-104.0,-12,7/26/08,12:00:00 AM,2454674.0000000000000000,0.0856673511293635,124.5570521791570000,3441.4723903890500000,0.0167050318717226,-0.6873398657710990,123.8697123133860000,3440.7850505232800000,1.0155831751308400,123.8671363262110000,23.4381770777130000,23.4401192905015000,126.1857115735450000,19.2868721703600000,0.0430376569187731,-6.5223702767552000,#NUM!,7:02:31 AM,#NUM!,#NUM!,#NUM!,297.4776297232450000,-105.6305925691890000,74.9914546351804000,15.0085453648196000,0.0592035545089604,15.0677489193285000,#REF!
-68.0,-56.0,-11,4/2/09,12:00:00 AM,2454923.9583333300000000,0.0925108373260366,10.9278239500804000,3687.8313939546000000,0.0167047440376004,1.9140094892505700,12.8418334393310000,3689.7454034438500000,0.9996477672976190,12.8400050676280000,23.4380880837602000,23.4395968400950000,11.8114856369884000,5.0714997436258400,0.0430356838539749,-3.5211645076825500,79.5898581483433000,4:47:31 AM,###############################################################################################################################################################################################################################################################,10:05:53 AM,636.7188651867460000,432.4788354923170000,-71.8802911269206000,88.0466462385737000,1.9533537614263300,0.2867580633422450,2.2401118247685700,#REF!
40.0,18.0,-5,1/11/03,12:00:00 AM,2452650.7083333300000000,0.0302726443075562,290.3049601396510000,1447.3155546981400000,0.0167073613127392,0.2489325056364980,290.5538926452880000,1447.5644872037800000,0.9834342800606960,290.5438194778270000,23.4388974404629000,23.4399187056276000,-67.7817517766434000,-21.8692371725719000,0.0430368993923670,-7.6889066686916100,71.5580963868532000,5:55:41 AM,1:09:27 AM,10:41:55 AM,572.4647710948250000,364.3110933313080000,-88.9222266671729000,103.0651954445520000,-13.0651954445517000,0.0248635059638633,-13.0403319385878000,#REF!
12.0,4.0,6,6/10/11,12:00:00 AM,2455722.2500000000000000,0.1143668720054760,77.7618992119906000,4474.6278848247500000,0.0167038247025932,0.8049704412108280,78.5668696532014000,4475.4328552659600000,1.0151437650076300,78.5659320443444000,23.4378038638561000,23.4375291141668000,77.5684317516073000,22.9454777734926000,0.0430278754452983,0.7698463000265970,96.0920563897474000,5:43:14 PM,11:18:52 AM,12:07:36 AM,768.7364511179790000,1096.7698463000300000,94.1924615750066000,89.1288362510340000,0.8711637489659690,0.3761081499765000,1.2472718989424700,293.2895866762540000
77.0,179.0,-12,2/1/01,12:00:00 AM,2451942.0000000000000000,0.0108692676249144,311.7684620210360000,748.8124218266060000,0.0167081770736284,0.9398778436149750,312.7083398646510000,749.7522996702210000,0.9854275511659530,312.6980122016280000,23.4391497653247000,23.4385296927666000,-44.8374142703875000,-16.9976592194864000,0.0430316538612392,-13.6411646576058000,#NUM!,###############################################################################################################################################################################################################################################################,#NUM!,#NUM!,#NUM!,1422.3588353423900000,175.5897088355990000,119.9555260417450000,-29.9555260417453000,0.0100118723700258,-29.9455141693753000,355.1310220967140000
71.0,99.0,1,6/17/17,12:00:00 AM,2457921.4583333300000000,0.1745779146703210,85.4057926883825000,6642.1682350558400000,0.0167012914067083,0.5746239319643170,85.9804166203468000,6642.7428589878100000,1.0159255371246900,85.9721500711103000,23.4370208684971000,23.4348646100340000,85.6113906878795000,23.3735357731356000,0.0430178145379713,-0.8555958001270820,#NUM!,6:24:51 AM,#NUM!,#NUM!,#NUM!,335.1444041998730000,-96.2138989500318000,69.9547581334210000,20.0452418665790000,0.0438359095219348,20.0890777761009000,#REF!
-47.0,-126.0,9,6/11/18,12:00:00 AM,2458280.1250000000000000,0.1843976728268310,78.9246469359441000,6995.6702022258700000,0.0167008781669104,0.7737070975882220,79.6983540335323000,6996.4439093234600000,1.0152649744998600,79.6889174514728000,23.4368931706257000,23.4353033887003000,78.7844492216145000,23.0348158498073000,0.0430194712357698,0.5203709951803340,64.3546800621836000,5:23:29 AM,1:06:04 AM,9:40:54 AM,514.8374404974690000,396.5203709951800000,-80.8699072512049000,100.7534342660330000,-10.7534342660333000,0.0303815278692444,-10.7230527381640000,#REF!
-29.0,162.0,11,11/29/11,12:00:00 AM,2455894.0416666700000000,0.1190702715035320,247.0879022929560000,4643.9457997204900000,0.0167036268466785,-1.1457911743889900,245.9421111185670000,4642.8000085461000000,0.9865954137530330,245.9410326242130000,23.4377426999820000,23.4370689909706000,-115.9479664297810000,-21.2961311969143000,0.0430261379740913,12.1367589255717000,103.5275766850250000,11:59:52 AM,5:05:45 AM,6:53:58 PM,828.2206134801980000,0.1367589255717120,-179.9658102686070000,129.7038579983580000,-39.7038579983583000,0.0069490464674820,-39.6969089518908000,#REF!
-75.0,94.0,8,11/9/14,12:00:00 AM,2456970.1666666700000000,0.1485329682865570,227.7676701402550000,5704.5749016798200000,0.0167023873243513,-1.5946035479863300,226.1730665922690000,5702.9802981318400000,0.9907145163513350,226.1688344028810000,23.4373595616706000,23.4349215243214000,-136.2966718106980000,-16.6724216131435000,0.0430180294274512,16.2844311446399000,#NUM!,1:27:43 PM,#NUM!,#NUM!,#NUM!,1352.2844311446400000,158.0711077861600000,87.2989962189623000,2.7010037810377100,0.2431949009062600,2.9441986819439700,200.9868509283640000
51.0,-107.0,-1,10/27/13,12:00:00 AM,2456592.5416666700000000,0.1381941592516500,215.5625848594120000,5332.3875957491100000,0.0167028223124584,-1.7836394549379200,213.7789454044740000,5330.6039562941700000,0.9938801766003460,213.7761820472410000,23.4374940094311000,23.4354699453806000,-148.4639629551500000,-12.7742511832015000,0.0430201001133207,16.1376955120086000,75.1499233422070000,5:51:52 PM,12:51:16 PM,10:52:28 PM,601.1993867376560000,1088.1376955120100000,92.0344238780021000,101.1642827341430000,-11.1642827341430000,0.0292362714411363,-11.1350464627018000,263.4304926224950000
35.0,-17.0,4,3/9/10,12:00:00 AM,2455264.3333333300000000,0.1018297969427380,346.4175447151060000,4023.3050895683300000,0.0167043520670347,1.7260792894666500,348.1436240045720000,4025.0311688578000000,0.9927219746463590,348.1424777982080000,23.4379668982924000,23.4387616915841000,-10.9035702260497000,-4.6881847141092800,0.0430325299680151,-10.7112514246641000,87.7296408396499000,5:18:43 PM,11:27:48 AM,11:09:38 PM,701.8371267171990000,1121.2887485753400000,100.3221871438340000,101.1376832068580000,-11.1376832068580000,0.0293078918729806,-11.1083753149851000,272.0723083125620000
-35.0,175.0,-4,6/22/10,12:00:00 AM,2455369.6666666700000000,0.1047136664385080,90.2390668327025000,4127.1216524848300000,0.0167042307623445,0.4181144175907590,90.6571812502933000,4127.5397669024200000,1.0162986086209800,90.6561577730962000,23.4379293959217000,23.4384838969518000,90.7151620736496000,23.4368550435625000,0.0430314809217415,-1.9044954480868600,73.4890746817932000,###############################################################################################################################################################################################################################################################,###############################################################################################################################################################################################################################################################,1:15:52 AM,587.9125974543460000,938.0955045519130000,54.5238761379783000,77.9918190879066000,12.0081809120934000,0.0739086017047016,12.0820895137981000,310.1918731159150000
29.0,-10.0,5,5/19/03,12:00:00 AM,2452778.2916666700000000,0.0337656856034637,56.0571359081255000,1573.0617239401800000,0.0167072144474209,1.3789636737058800,57.4360995818314000,1574.4406876138900000,1.0115549546676700,57.4262811807791000,23.4388520163404000,23.4401423503260000,55.1487419364309000,19.5857993835836000,0.0430377440066896,3.5893509745206100,102.4078285188450000,5:36:25 PM,10:46:47 AM,12:26:03 AM,819.2626281507590000,1103.5893509745200000,95.8973377436301000,85.5348637384455000,4.4651362615544600,0.1740867465533860,4.6392230081078500,289.9472011389290000
-79.0,-90.0,2,6/17/01,12:00:00 AM,2452077.4166666700000000,0.0145767738991516,85.2415420717323000,882.2791266288590000,0.0167080212092341,0.5713840949287530,85.8129261666610000,882.8505107237870000,1.0159415293623400,85.8024902527914000,23.4391015522806000,23.4387963735628000,85.4265210132896000,23.3721833434670000,0.0430326609398421,-0.7827154039465360,#NUM!,8:00:47 PM,#NUM!,#NUM!,#NUM!,959.2172845960530000,59.8043211490134000,107.5368969005150000,-17.5368969005153000,0.0182590935543281,-17.5186378069610000,303.6885090302010000
35.0,-10.0,13,5/2/01,12:00:00 AM,2452030.9583333300000000,0.0133048140543050,39.4500084536537000,836.4897802128150000,0.0167080746831034,1.6975235356814000,41.1475319893351000,838.1873037484970000,1.0076745772434900,41.1371249091052000,23.4391180930639000,23.4387040927352000,38.7094414633470000,15.1695832232496000,0.0430323124541876,2.9206407400614300,102.0187354423650000,1:37:05 AM,6:49:00 PM,8:25:09 AM,816.1498835389160000,622.9206407400610000,-24.2698398149846000,29.4451627252141000,60.5548372747859000,0.0091070677222555,60.5639443425081000,#REF!
-66.0,130.0,-13,6/27/11,12:00:00 AM,2455740.0416666700000000,0.1148539812913490,95.2982085286139000,4492.1633564864600000,0.0167038042118334,0.2556962247941920,95.5539047534081000,4492.4190527112500000,1.0165539009145400,95.5529580668606000,23.4377975293972000,23.4374809668513000,96.0487549082065000,23.3209692069162000,0.0430276936344404,-3.0007374923391400,21.6666415067353000,###############################################################################################################################################################################################################################################################,###############################################################################################################################################################################################################################################################,###############################################################################################################################################################################################################################################################,173.3331320538820000,1296.9992625076600000,144.2498156269150000,131.6657275455060000,-41.6657275455056000,0.0064839105473525,-41.6592436349582000,225.9059079011050000
81.0,87.0,-2,5/3/04,12:00:00 AM,2453128.5833333300000000,0.0433561487565637,41.3211926702315000,1918.3092891793400000,0.0167068111994097,1.6687160521650700,42.9899087223966000,1919.9780052315000000,1.0081376831314100,42.9810712344502000,23.4387273002596000,23.4406539734852000,40.5301292446996000,15.7358126285306000,0.0430396762313151,3.1279543064643600,#NUM!,4:08:52 AM,#NUM!,#NUM!,#NUM!,471.1279543064640000,-62.2180114233839000,70.2421344113121000,19.7578655886879000,0.0445155469173265,19.8023811356052000,#REF!
76.0,-72.0,8,3/31/01,12:00:00 AM,2451999.1666666700000000,0.0124344056582207,8.1146361213325200,805.1559045927840000,0.0167081112752997,1.9107882535739800,10.0254243749065000,807.0666928463580000,0.9988678121269460,10.0150420405333000,23.4391294120032000,23.4386413721924000,9.2034252208282800,3.9665636832799700,0.0430320755996910,-4.3715188494904600,109.7762323754430000,12:52:22 AM,5:33:16 PM,8:11:29 AM,878.2098590035450000,667.6284811505100000,-13.0928797123726000,72.4109315982134000,17.5890684017866000,0.0503070305893596,17.6393754323760000,#REF!
-8.0,180.0,11,10/19/05,12:00:00 AM,2453662.0416666700000000,0.0579614419347436,207.1229911262250000,2444.0859725733900000,0.0167061970492131,-1.8659846050727100,205.2570065211520000,2442.2199879683200000,0.9961992308003510,205.2502465648810000,23.4385373704074000,23.4410324125921000,-156.6012974441110000,-9.7699549545995300,0.0430411054958131,14.8953496694208000,92.2406488928060000,10:45:06 AM,4:36:09 AM,4:54:04 PM,737.9251911424480000,74.8953496694207000,-161.2761625826450000,154.2425168449870000,-64.2425168449874000,0.0027840465951444,-64.2397327983923000,#REF!
3.0,12.0,3,6/17/16,12:00:00 AM,2457556.3750000000000000,0.1645824777549620,85.5623679203909000,6282.3419993903600000,0.0167017120144101,0.5692072069022980,86.1315751272932000,6282.9112065972700000,1.0159408963407200,86.1247867159337000,23.4371508509458000,23.4346593578600000,85.7776080436796000,23.3778884423410000,0.0430170395786370,-0.8876787680537400,92.2072858752482000,2:12:53 PM,8:04:04 AM,8:21:43 PM,737.6582870019860000,1307.1123212319500000,146.7780803079870000,138.2503325253960000,-48.2503325253958000,0.0051498617345216,-48.2451826636613000,310.9524508900960000
-20.0,-147.0,4,11/28/00,12:00:00 AM,2451876.3333333300000000,0.0090714122747020,247.0442853595320000,684.0913366656710000,0.0167082526546160,-1.1421476358866000,245.9021377236450000,682.9491890297840000,0.9865661099138960,245.8918888225500000,23.4391731449409000,23.4384035658634000,-116.0001319398250000,-21.2887700617673000,0.0430311775670239,12.1322350928193000,99.1156644567451000,1:35:52 AM,6:59:24 PM,8:12:20 AM,792.9253156539610000,624.1322350928190000,-23.9669412267952000,22.4436642502914000,67.5563357497086000,0.0066649930575686,67.5630007427662000,#REF!
57.0,109.0,1,7/26/11,12:00:00 AM,2455768.4583333300000000,0.1156319872233670,123.3070210679580000,4520.1708311315500000,0.0167037714840782,-0.6473184208039050,122.6597026471540000,4519.5235127107500000,1.0157127520930300,122.6587388029420000,23.4377874120646000,23.4374042486399000,124.9385690577780000,19.5642070471311000,0.0430274039368263,-6.5271265249890500,125.1392868730000000,5:50:32 AM,###############################################################################################################################################################################################################################################################,2:11:05 PM,1001.1142949840000000,369.4728734750110000,-87.6317816312473000,72.4194854060682000,17.5805145939318000,0.0503324974001191,17.6308470913319000,#REF!
-1.0,-95.0,12,9/8/05,12:00:00 AM,2453621.0000000000000000,0.0568377823408624,166.6703806805240000,2403.6352943642500000,0.0167062443008351,-1.6992500269838900,164.9711306535410000,2401.9360443372600000,1.0076415454044100,164.9641947977110000,23.4385519826796000,23.4410234994864000,166.1553529907710000,5.9234470351316300,0.0430410718330729,2.0139275174210600,90.7338255645677000,6:17:59 AM,12:15:03 AM,12:20:55 PM,725.8706045165410000,342.0139275174210000,-94.4965181206447000,94.5752949564328000,-4.5752949564328100,0.0721032527423006,-4.5031917036905100,#REF!
34.0,53.0,1,10/24/18,12:00:00 AM,2458415.4583333300000000,0.1881028975587540,212.3155900968030000,7129.0547734739800000,0.0167007222355072,-1.8210087132699000,210.4945813835330000,7127.2337647607100000,0.9947998945513960,210.4848037546070000,23.4368449872338000,23.4355179433584000,-151.6253674302900000,-11.6402258409688000,0.0430202813429448,15.7627377029111000,83.0475272949391000,9:12:14 AM,3:40:03 AM,2:44:26 PM,664.3802183595130000,167.7627377029110000,-138.0593155742720000,135.7919231106680000,-45.7919231106679000,0.0056126626231142,-45.7863104480447000,#REF!
-39.0,91.0,12,3/30/14,12:00:00 AM,2456746.0000000000000000,0.1423956194387410,6.8183863622125500,5483.6361721344300000,0.0167026455463115,1.9062509531600300,8.7246373153725800,5485.5424230875900000,0.9984259374938770,8.7213103524984900,23.4374393728743000,23.4352140731603000,8.0116439840504100,3.4572875736535800,0.0430191340040445,-4.7628733882680500,88.2704654509356000,6:00:46 PM,12:07:41 PM,11:53:51 PM,706.1637236074840000,1079.2371266117300000,89.8092816529330000,92.0268982476092000,-2.0268982476092000,0.1630366628681310,-1.8638615847410700,272.8078710620190000
79.0,-29.0,13,10/1/02,12:00:00 AM,2452547.9583333300000000,0.0274595026237779,189.0296938335300000,1346.0451257758700000,0.0167074795893533,-1.9068770108041700,187.1228168227260000,1344.1382487650700000,1.0014306284863900,187.1125825912660000,23.4389340230493000,23.4397280980411000,-173.4690592054230000,-2.8231538458904300,0.0430361795527508,9.9362159699277100,79.7810485272838000,2:46:04 AM,9:26:56 PM,8:05:11 AM,638.2483882182710000,553.9362159699280000,-41.5159460075181000,84.5860661549179000,5.4139338450820800,0.1505717434549410,5.5645055885370200,#REF!
-62.0,-78.0,-12,2/6/17,12:00:00 AM,2457791.0000000000000000,0.1710061601642710,316.8198804525470000,6513.5884651587200000,0.0167014417089435,1.0774432424239200,317.8973236949710000,6514.6659084011500000,0.9861753384546200,317.8895601151840000,23.4370673162291000,23.4347607367742000,-39.6703025505233000,-15.4671307682919000,0.0430174223484782,-14.0977711045363000,123.5414731503330000,5:26:06 AM,###############################################################################################################################################################################################################################################################,1:40:16 PM,988.3317852026660000,393.9022288954640000,-81.5244427761341000,72.4127601470201000,17.5872398529799000,0.0503124726967409,17.6375523256766000,#REF!
73.0,18.0,0,3/7/17,12:00:00 AM,2457819.5000000000000000,0.1717864476386040,344.9108302983270000,6541.6780731467700000,0.0167014088741097,1.7013470848579500,346.6121773831850000,6543.3794202316300000,0.9922961618238120,346.6043010934160000,23.4370571692316000,23.4347806382558000,-12.3259490384393000,-5.2866305036244800,0.0430174974894377,-11.0762173142293000,75.3614159196308000,10:59:05 AM,5:57:38 AM,4:00:31 PM,602.8913273570460000,60.9237826857707000,-164.7690543285570000,111.6548402546550000,-21.6548402546553000,0.0145327013904528,-21.6403075532648000,#REF!
87.0,-143.0,-8,9/22/09,12:00:00 AM,2455096.8333333300000000,0.0972438968742913,181.3216116107890000,3858.2170425197400000,0.0167045449601843,-1.8655740815640300,179.4560375292250000,3856.3514684381800000,1.0036781673001800,179.4546081648740000,23.4380265341822000,23.4391870407979000,179.4996099891490000,0.2169407463481980,0.0430341362570045,7.2543432286545100,110.4893712845440000,1:24:45 PM,6:02:47 AM,8:46:42 PM,883.9149702763510000,1355.2543432286500000,158.8135858071640000,92.5801596199767000,-2.5801596199766700,0.1280436845871150,-2.4521159353895500,338.7912066107390000
-8.0,13.0,8,9/17/02,12:00:00 AM,2452534.1666666700000000,0.0270819073693775,175.4359739847140000,1332.4520552266100000,0.0167074954649344,-1.8137128905275100,173.6222610941870000,1330.6383423360800000,1.0052902134955500,173.6120083333250000,23.4389389333638000,23.4397019231441000,174.1353129539430000,2.5366066686003500,0.0430360807023791,5.1370636113018500,90.4852576372887000,7:02:52 PM,1:00:55 PM,1:04:48 AM,723.8820610983090000,1017.1370636113000000,74.2842659028255000,74.8227217405014000,15.1772782594986000,0.0585363916728522,15.2358146511715000,274.8433679997900000
22.0,-55.0,-12,6/12/10,12:00:00 AM,2455360.0000000000000000,0.1044490075290900,80.7111423344836000,4117.5941831034800000,0.0167042418948248,0.7157692341829220,81.4269115686665000,4118.3099523376700000,1.0154838468076000,81.4258786553688000,23.4379328375949000,23.4385096445344000,80.6678014618880000,23.1611851083231000,0.0430315781527199,0.1699453503850590,100.9467349414110000,3:39:50 AM,###############################################################################################################################################################################################################################################################,10:23:37 AM,807.5738795312900000,500.1699453503850000,-54.9575136624037000,50.4459730541903000,39.5540269458097000,0.0195060169327257,39.5735329627424000,#REF!
-58.0,-70.0,-11,5/18/14,12:00:00 AM,2456795.9583333300000000,0.1437634040611500,56.0596858492454000,5532.8751194822600000,0.0167025879991585,1.3828430684888400,57.4425289177342000,5534.2579625507500000,1.0115128102699500,57.4390076560461000,23.4374215859533000,23.4351402447443000,55.1629133334628000,19.5845862464391000,0.0430188552486605,3.5689199194662600,57.2993887403729000,5:36:26 AM,1:47:14 AM,9:25:38 AM,458.3951099229830000,383.5689199194660000,-84.1077700201334000,103.4744100298930000,-13.4744100298932000,0.0240811559768198,-13.4503288739164000,#REF!
-87.0,-69.0,13,10/15/08,12:00:00 AM,2454753.9583333300000000,0.0878564909879121,203.3677724676210000,3520.2793461904000000,0.0167049397987211,-1.8902246432180200,201.4775478244030000,3518.3891215471900000,0.9972913935398570,201.4752310868520000,23.4381486097361000,23.4399623885304000,-160.1531614947910000,-8.3737479544718000,0.0430370643640738,14.0883320529931000,#NUM!,5:21:55 AM,#NUM!,#NUM!,#NUM!,398.0883320529930000,-80.4779169867517000,81.1414462336542000,8.8585537663458100,0.0986744575797889,8.9572282239256000,#REF!
-40.0,-78.0,10,12/13/02,12:00:00 AM,2452621.0833333300000000,0.0294615560118683,261.1051570800950000,1418.1171463594900000,0.0167073954145964,-0.7276292166643830,260.3775278634300000,1417.3895171428200000,0.9845371057622920,260.3674041347020000,23.4389079879971000,23.4398646048121000,-100.4805618635930000,-23.0900858907480000,0.0430366950771179,6.2804531329538700,112.2324805784390000,3:05:43 AM,7:36:47 PM,10:34:39 AM,897.8598446275140000,534.2804531329540000,-46.4298867167615000,42.4574108695388000,47.5425891304612000,0.0147516341657822,47.5573407646270000,#REF!
16.0,-172.0,12,5/21/00,12:00:00 AM,2451685.0000000000000000,0.0038329911019849,58.4570904274525000,495.5131494392200000,0.0167084728706916,1.3218562655589200,59.7789466930114000,496.8350057047790000,1.0120557051003200,59.7690216636057000,23.4392412662536000,23.4380541802701000,57.5786059268000000,20.1002276360820000,0.0430298581938099,3.4689999688107700,96.9521311323042000,11:24:32 AM,4:56:43 AM,5:52:20 PM,775.6170490584340000,35.4689999688107000,-171.1327500077970000,142.8633986079860000,-52.8633986079857000,0.0043696137881102,-52.8590289941976000,#REF!
-89.0,115.0,11,1/13/05,12:00:00 AM,2453383.0416666700000000,0.0503228382386451,292.1273773896040000,2169.1034940992900000,0.0167065182579954,0.3092645195493120,292.4366419091530000,2169.4127586188400000,0.9835120790990510,292.4287293151490000,23.4386367041847000,23.4409031293410000,-65.7777031511675000,-21.5745239844515000,0.0430406172242497,-8.4072000282265200,#NUM!,3:28:24 PM,#NUM!,#NUM!,#NUM!,1231.5927999717700000,127.8981999929430000,69.0418567068730000,20.9581432931270000,0.0417920915171794,20.9999353846442000,231.7953078742860000
43.0,-114.0,-2,5/5/02,12:00:00 AM,2452399.5833333300000000,0.0233972165183707,42.7842667065170000,1199.8066840067000000,0.0167076503818499,1.6439691767680000,44.4282358832850000,1201.4506531834700000,1.0085135393633800,44.4178416263556000,23.4389868497247000,23.4394407758487000,41.9562908814680000,16.1647501878639000,0.0430350944776343,3.2688128850245700,106.9175471072100000,5:32:44 PM,10:25:04 AM,12:40:24 AM,855.3403768576810000,1107.2688128850200000,96.8172032212561000,83.8871286919591000,6.1128713080408800,0.1365609401920880,6.2494322482329700,286.4376713596780000
-22.0,-59.0,-11,12/13/15,12:00:00 AM,2457369.9583333300000000,0.1594786675792880,261.8212720284450000,6098.6096804598600000,0.0167019267728334,-0.7118406200898940,261.1094314083560000,6097.8978398397700000,0.9844875357434280,261.1034568052660000,23.4372172218126000,23.4346617635164000,-99.6818232409544000,-23.1362092372948000,0.0430170486614977,5.9680425513111100,100.9343930921830000,4:50:02 AM,###############################################################################################################################################################################################################################################################,11:33:46 AM,807.4751447374620000,429.9680425513110000,-72.5079893621722000,66.2051997567860000,23.7948002432140000,0.0363753874435436,23.8311756306576000,#REF!
48.0,-43.0,10,11/8/05,12:00:00 AM,2453682.0833333300000000,0.0585101528633399,226.8770069892000000,2463.8390448767800000,0.0167061739749545,-1.6085912534566300,225.2684157357440000,2462.2304536233200000,0.9908932249693540,225.2617422507330000,23.4385302348714000,23.4410354626127000,-137.2036765280150000,-16.4138144129715000,0.0430411170150390,16.3410790123391000,72.2711848624554000,12:35:40 AM,7:46:34 PM,5:24:45 AM,578.1694788996430000,684.3410790123390000,-8.9147302469152100,64.9053630213574000,25.0946369786426000,0.0342729884457110,25.1289099670883000,#REF!
-18.0,-120.0,-11,8/18/11,12:00:00 AM,2455791.9583333300000000,0.1162753821583430,146.4697340770580000,4543.3324377291500000,0.0167037444187807,-1.2937473380123200,145.1759867390460000,4542.0386903911400000,1.0122800973312700,145.1750062427130000,23.4377790452382000,23.4373410019002000,147.4511393556670000,13.1288351892742000,0.0430271651099768,-3.9309060534338900,86.5551901856539000,9:03:56 AM,3:17:43 AM,2:50:09 PM,692.4415214852310000,176.0690939465660000,-135.9827265133580000,137.4127215805450000,-47.4127215805449000,0.0053034230514323,-47.4074181574935000,#REF!
-17.0,153.0,4,2/20/01,12:00:00 AM,2451960.3333333300000000,0.0113712069358929,329.8386636275850000,766.8817603233310000,0.0167081559721912,1.4176456443829000,331.2563092719680000,768.2994059677140000,0.9887321939379810,331.2459626579950000,23.4391432380205000,23.4385653374104000,-26.7222731495922000,-11.0313063813639000,0.0430317884669609,-13.8177994754325000,94.3063901585321000,6:01:49 AM,###############################################################################################################################################################################################################################################################,12:19:03 PM,754.4511212682570000,358.1822005245680000,-90.4544498688581000,87.2201147448167000,2.7798852551832900,0.2392264609024850,3.0191117160857700,#REF!
-83.0,-3.0,-4,9/2/02,12:00:00 AM,2452519.6666666700000000,0.0266849190052433,161.1440872558610000,1318.1608511448800000,0.0167075121558386,-1.6085174028761100,159.5355698529840000,1316.5523337420100000,1.0090136457621900,159.5252984105190000,23.4389440958697000,23.4396742703333000,161.0900869082230000,7.9982072798424400,0.0430359762707498,0.1634146924408150,#NUM!,8:11:50 AM,#NUM!,#NUM!,#NUM!,228.1634146924410000,-122.9591463268900000,101.7570327646970000,-11.7570327646971000,0.0277232764546321,-11.7293094882425000,#REF!
-39.0,-60.0,-3,11/23/16,12:00:00 AM,2457715.6250000000000000,0.1689425051334700,242.5267104674590000,6439.2988440315400000,0.0167015285476948,-1.2680035094226500,241.2587069580360000,6438.0308405221200000,0.9874601245294430,241.2512481903280000,23.4370941523680000,23.4347158668512000,-120.8756139456790000,-20.4067098582787000,0.0430172529357705,13.5878947689985000,108.7369388969920000,12:46:25 PM,5:31:28 AM,8:01:22 PM,869.8955111759380000,1393.5878947690000000,168.3969736922500000,119.6075234082000000,-29.6075234082000000,0.0101539321830020,-29.5973694760170000,192.5221336622870000
-69.0,-106.0,-11,1/11/18,12:00:00 AM,2458129.9583333300000000,0.1802863335614920,290.9132678968290000,6847.6658934841200000,0.0167010511852454,0.2606792431597950,291.1739471399890000,6847.9265727272800000,0.9834543001460790,291.1649572387860000,23.4369466352059000,23.4350945522000000,-67.1212488787823000,-21.7700444256225000,0.0430186827269237,-7.8933872835784200,#NUM!,8:11:54 AM,#NUM!,#NUM!,#NUM!,228.1066127164220000,-122.9733468208950000,80.4959374103705000,9.5040625896295000,0.0924379560716344,9.5965005457011300,#REF!
74.0,-151.0,-8,12/29/09,12:00:00 AM,2455194.8333333300000000,0.0999269906456807,277.9150530672890000,3954.8058700474600000,0.0167044321039436,-0.1769672844238720,277.7380857828650000,3954.6289027630400000,0.9833675079718770,277.7368349479150000,23.4379916427363000,23.4389410005404000,-81.5769188918709000,-23.2130083163361000,0.0430332071064932,-2.0367493232983900,#NUM!,2:06:02 PM,#NUM!,#NUM!,#NUM!,1313.9632506767000000,148.4908126691750000,126.5022469220450000,-36.5022469220451000,0.0077970679633739,-36.4944498540817000,323.3058082265930000
21.0,-8.0,1,7/28/00,12:00:00 AM,2451753.4583333300000000,0.0057072781200134,125.9328659642730000,562.9857020563720000,0.0167083940790227,-0.7335393549297250,125.1993266093430000,562.2521627014420000,1.0154244281746700,125.1892699077960000,23.4392168927100000,23.4381755918849000,127.5442821906190000,18.9698105212336000,0.0430303166739768,-6.4842160532948100,98.5351128271590000,1:38:29 PM,7:04:21 AM,8:12:37 PM,788.2809026172720000,1341.5157839467100000,155.3789459866760000,133.3233200254110000,-43.3233200254109000,0.0061179843930344,-43.3172020410179000,327.2094365926710000
-65.0,128.0,-11,5/2/02,12:00:00 AM,2452396.9583333300000000,0.0233253479352084,40.1969423850676000,1197.2194832676900000,0.0167076534034149,1.6861765054877000,41.8831188905553000,1198.9056597731800000,1.0078613191189800,41.8727225912190000,23.4389877843162000,23.4394355967836000,39.4345820775137000,15.3972055237790000,0.0430350749189794,3.0074894390268500,56.2960057098394000,###############################################################################################################################################################################################################################################################,###############################################################################################################################################################################################################################################################,###############################################################################################################################################################################################################################################################,450.3680456787150000,1175.0074894390300000,113.7518723597570000,113.8750987148600000,-23.8750987148599000,0.0130360378934028,-23.8620626769665000,254.8016186677520000
80.0,-168.0,12,11/6/15,12:00:00 AM,2457332.0000000000000000,0.1584394250513350,224.4077408818810000,6061.1979364833500000,0.0167019705013325,-1.6547858467691600,222.7529550351120000,6059.5431506365800000,0.9915562104939060,222.7471479660840000,23.4372307363101000,23.4346715042077000,-139.7001675703680000,-15.6610939060969000,0.0430170854387232,16.4555754803769000,#NUM!,10:55:33 AM,#NUM!,#NUM!,#NUM!,64.4555754803769000,-163.8861061299060000,115.2442572046490000,-25.2442572046486000,0.0122373295644611,-25.2320198750841000,#REF!
16.0,42.0,-1,7/9/05,12:00:00 AM,2453560.5416666700000000,0.0551825233858046,107.0797839742190000,2344.0475440266500000,0.0167063139064489,-0.1323681723748690,106.9474158018450000,2343.9151758542700000,1.0166670369065300,106.9402241658550000,23.4385735079655000,23.4410039039472000,108.3656121155720000,22.3673553701020000,0.0430409978253005,-5.1683017337749100,97.7211074086249000,8:17:10 AM,1:46:17 AM,2:48:03 PM,781.7688592689990000,222.8316982662250000,-124.2920754334440000,113.3250387206100000,-23.3250387206101000,0.0133816898789367,-23.3116570307311000,#REF!
-25.0,127.0,-2,2/18/00,12:00:00 AM,2451592.5833333300000000,0.0013027606662146,327.3668468884840000,404.4272567386330000,0.0167085792356348,1.3604223008282000,328.7272691893120000,405.7876790394610000,0.9882080180239690,328.7175486876740000,23.4392741697940000,23.4378979185305000,-29.1378699626804000,-11.9194965913681000,0.0430292681148778,-14.0436512748904000,96.5936267078966000,1:46:03 AM,###############################################################################################################################################################################################################################################################,8:12:25 AM,772.7490136631730000,613.9563487251100000,-26.5109128187226000,28.2598985316722000,61.7401014683278000,0.0086723122011579,61.7487737805290000,#REF!
-19.0,-147.0,6,8/5/14,12:00:00 AM,2456874.2500000000000000,0.1459069130732370,133.2276606102130000,5610.0394081100400000,0.0167024978138007,-0.9410628191097970,132.2865977911030000,5609.0983452909300000,1.0145284923361900,132.2827628982910000,23.4373937113710000,23.4350343687245000,134.7449809031340000,17.1118770235457000,0.0430184554922233,-6.0828055417370900,84.8410420123241000,3:54:05 AM,10:14:43 PM,9:33:27 AM,678.7283360985930000,485.9171944582630000,-58.5207013854343000,67.9083507080599000,22.0916492919401000,0.0394732950330296,22.1311225869731000,#REF!
26.0,166.0,8,1/9/01,12:00:00 AM,2451918.1666666700000000,0.0102167465206437,288.2771999327960000,725.3222817807920000,0.0167082045054013,0.1813620509726230,288.4585619837690000,725.5036438317650000,0.9833672938035030,288.4482609466170000,23.4391582508200000,23.4384836226700000,-70.0191201257962000,-22.1679640024648000,0.0430314798859676,-6.8510228678823100,79.5570868940840000,9:02:51 AM,3:44:37 AM,2:21:05 PM,636.4566951526720000,177.1489771321180000,-135.7127557169710000,139.5743955766450000,-49.5743955766455000,0.0049151027577688,-49.5694804738877000,#REF!
-17.0,136.0,-11,9/24/01,12:00:00 AM,2452176.9583333300000000,0.0173020762035178,183.3545230747320000,980.3874213258380000,0.0167079066346935,-1.8808017571815500,181.4737213175500000,978.5066195686570000,1.0030611838931700,181.4632531244100000,23.4390661119820000,23.4389957298948000,-178.6574423279710000,-0.5819884852796570,0.0430334137863961,7.9820262490772700,91.0490719558958000,###############################################################################################################################################################################################################################################################,###############################################################################################################################################################################################################################################################,###############################################################################################################################################################################################################################################################,728.3925756471660000,1211.9820262490800000,122.9955065622690000,121.1835484876680000,-31.1835484876681000,0.0095335791689246,-31.1740149084992000,258.6119701721670000
-59.0,-151.0,10,6/4/16,12:00:00 AM,2457543.0833333300000000,0.1642185717545100,72.4614717220829000,6269.2417289976500000,0.0167017273270866,0.9614859434359880,73.4229576655189000,6270.2032149410900000,1.0144247854845800,73.4162264836226000,23.4371555832448000,23.4346570517849000,72.0177289426177000,22.4055465827685000,0.0430170308717592,1.7444933539219300,49.0331013359953000,8:02:15 AM,4:46:07 AM,11:18:23 AM,392.2648106879630000,237.7444933539220000,-120.5638766615200000,124.6695963110400000,-34.6695963110395000,0.0083423932472408,-34.6612539177923000,#REF!
55.0,158.0,10,4/6/11,12:00:00 AM,2455657.0833333300000000,0.1125827059091990,13.5305461186681000,4410.3995998614000000,0.0167038997548862,1.9134453158630000,15.4439914345311000,4412.3130451772700000,1.0003964222236800,15.4430760877180000,23.4378270654811000,23.4377060148571000,14.2227792588479000,6.0798105520017500,0.0430285434501034,-2.7540073201800500,100.2303333971540000,11:30:45 AM,4:49:50 AM,6:11:41 PM,801.8426671772300000,29.2459926798199000,-172.6885018300450000,118.6170614389370000,-28.6170614389374000,0.0105754345270882,-28.6064860044103000,#REF!
-70.0,-78.0,8,5/16/16,12:00:00 AM,2457524.1666666700000000,0.1637006616472690,53.8163091071765000,6250.5974570274800000,0.0167017491199916,1.4335698524085200,55.2498789595850000,6252.0310268798900000,1.0110277569028200,55.2432294953385000,23.4371623182410000,23.4346544201766000,52.9004306986229000,19.0713037581226000,0.0430170209357908,3.6326697893802300,25.1924029969435000,1:08:22 AM,11:27:36 PM,2:49:08 AM,201.5392239755480000,651.6326697893800000,-17.0918325526549000,89.8893135068109000,0.1106864931890780,0.4663588407834530,0.5770453339725310,#REF!
-35.0,169.0,5,7/10/09,12:00:00 AM,2455022.2916666700000000,0.0952030572667081,107.8498145191550000,3784.7487549128900000,0.0167046308007208,-0.1552390876409760,107.6945754315140000,3784.5935158252500000,1.0166501895717200,107.6929867958290000,23.4380530736364000,23.4393679056137000,109.1724248497030000,22.2694599613345000,0.0430348192848211,-5.2914687297306300,74.4807603235023000,5:49:17 AM,12:51:22 AM,10:47:13 AM,595.8460825880180000,370.7085312702690000,-87.3228671824326000,100.4837843874720000,-10.4837843874718000,0.0311813815909180,-10.4526030058809000,#REF!
44.0,49.0,-5,5/1/01,12:00:00 AM,2452030.7083333300000000,0.0132979694273371,39.2035966135575000,836.2433801424120000,0.0167080749708541,1.7012806015216900,40.9048772150792000,837.9446607439340000,1.0076111650071500,40.8944703135840000,23.4391181820726000,23.4387035980418000,38.4705291454033000,15.0941399391362000,0.0430323105860511,2.8907677383068100,106.3431441338770000,3:41:07 AM,###############################################################################################################################################################################################################################################################,10:46:29 AM,850.7451530710160000,498.8907677383070000,-55.2773080654233000,54.7955109759822000,35.2044890240178000,0.0228193005654930,35.2273083245832000,#REF!
-5.0,-86.0,-12,11/21/11,12:00:00 AM,2455887.0000000000000000,0.1188774811772760,240.1473021180430000,4637.0055310772100000,0.0167036349568177,-1.3253863140353900,238.8219158040070000,4635.6801447631800000,0.9879157934419720,238.8208453986570000,23.4377452070630000,23.4370875854822000,-123.4063685714880000,-19.8944898089697000,0.0430262081880907,14.2265834228349000,92.7042624246010000,5:29:46 AM,###############################################################################################################################################################################################################################################################,11:40:35 AM,741.6340993968080000,390.2265834228350000,-82.4433541442913000,81.2081226565852000,8.7918773434147700,0.0993628969741526,8.8912402403889200,#REF!
31.0,72.0,-13,12/12/17,12:00:00 AM,2458100.0416666700000000,0.1794672598676660,261.4259842822660000,6818.1800184341700000,0.0167010856539803,-0.7253680647573920,260.7006162175080000,6817.4546503694100000,0.9845358933742210,260.6917231825580000,23.4369572865850000,23.4350570524377000,-100.1285013746760000,-23.1084309053756000,0.0430185411390247,6.1608188051553300,76.2342379792937000,###############################################################################################################################################################################################################################################################,###############################################################################################################################################################################################################################################################,###############################################################################################################################################################################################################################################################,609.8739038343500000,1074.1608188051600000,88.5402047012888000,100.4893998495900000,-10.4893998495897000,0.0311643101556429,-10.4582355394341000,249.2430026660780000
-44.0,-123.0,-6,1/2/03,12:00:00 AM,2452641.7500000000000000,0.0300273785078713,281.4752025335420000,1438.4862188431400000,0.0167073716248514,-0.0516536491184899,281.4235488844240000,1438.4345651940200000,0.9832996600395350,281.4134600793490000,23.4389006299423000,23.4399024245670000,-77.5905124612147000,-22.9495586236774000,0.0430368379058271,-3.7758984904283000,115.5218381700740000,2:15:47 PM,6:33:41 AM,9:57:52 PM,924.1747053605900000,1304.2241015095700000,146.0560253773930000,106.1800831296170000,-16.1800831296166000,0.0198862699000097,-16.1601968597166000,212.3704822294200000
-76.0,-152.0,4,7/23/09,12:00:00 AM,2455035.3333333300000000,0.0955601186402050,120.7042988622570000,3797.6026252435600000,0.0167046157823017,-0.5675720494367110,120.1367268128200000,3797.0350531941200000,1.0159484094955400,120.1351674698870000,23.4380484303445000,23.4393366917398000,122.3219542991210000,20.1217155294322000,0.0430347014066156,-6.4736358283421600,#NUM!,2:14:28 AM,#NUM!,#NUM!,#NUM!,585.5263641716580000,-33.6184089570855000,98.3161003308101000,-8.3161003308100700,0.0394742551716121,-8.2766260756384600,#REF!
-87.0,-15.0,-13,2/18/09,12:00:00 AM,2454881.0416666700000000,0.0913358430298840,328.6271246772280000,3645.5327152301400000,0.0167047934582052,1.3862215895983600,330.0133462668260000,3646.9189368197300000,0.9884439062989720,330.0114031475320000,23.4381033636022000,23.4396929436337000,-27.8995848183130000,-11.4681531595891000,0.0430360467909865,-13.9242653751658000,#NUM!,12:13:55 AM,#NUM!,#NUM!,#NUM!,706.0757346248340000,-3.4810663437914400,75.5374466191174000,14.4625533808826000,0.0614607798806665,14.5240141607633000,#REF!
55.0,87.0,2,9/16/16,12:00:00 AM,2457647.4166666700000000,0.1670750627424100,175.2973465858450000,6372.0726915785200000,0.0167016071288740,-1.8090063832499900,173.4883402025950000,6370.2636851952700000,1.0053924851976700,173.4811647019200000,23.4371184369233000,23.4346851984725000,174.0148006641290000,2.5878530072131600,0.0430171371431993,5.0760019816482700,95.1590433651036000,8:06:55 AM,1:46:17 AM,2:27:34 PM,761.2723469208290000,233.0760019816480000,-121.7309995045880000,105.3294502379130000,-15.3294502379127000,0.0210490532601196,-15.3084011846526000,#REF!
55.0,62.0,-4,12/7/13,12:00:00 AM,2456633.6666666700000000,0.1393201003878580,256.0973326409060000,5372.9204072870200000,0.0167027749416815,-0.8877559259741890,255.2095767149320000,5372.0326513610400000,0.9851883967019770,255.2066676329890000,23.4374793674864000,23.4353972049290000,-106.0574209991260000,-22.6146764367967000,0.0430198254624398,8.5893725057641200,55.4272383553735000,3:43:25 AM,12:01:42 AM,7:25:07 AM,443.4179068429880000,496.5893725057640000,-55.8526568735590000,91.0189682267481000,-1.0189682267481000,0.3244083420183430,-0.6945598847297570,#REF!
-77.0,-157.0,5,9/22/00,12:00:00 AM,2451809.2916666700000000,0.0072359114761536,180.9648435791380000,618.0150511159950000,0.0167083298173555,-1.8644778293171500,179.1003657498200000,616.1505732866780000,1.0037362843966100,179.0902145750480000,23.4391970141039000,23.4382777252393000,179.1652706926470000,0.3618642942263920,0.0430307023567309,7.1325315027162500,92.1360386328484000,3:20:52 AM,9:12:19 PM,9:29:25 AM,737.0883090627870000,519.1325315027160000,-50.2168671243209000,82.0802605788456000,7.9197394211543600,0.1092489937515600,8.0289884149059200,#REF!
30.0,-127.0,3,3/22/00,12:00:00 AM,2451625.3750000000000000,0.0022005475701574,359.6878665746710000,436.7467326428900000,0.0167085414949683,1.8722991401799800,361.5601657148510000,438.6190317830700000,0.9964364666162060,361.5503691964570000,23.4392624948230000,23.4379522852746000,1.4225052585940700,0.6166048630454340,0.0430294734152458,-6.9516676661495900,91.3180143310684000,11:34:57 PM,5:29:41 PM,5:40:13 AM,730.5441146485470000,745.0483323338500000,6.2620830834626100,29.9812389816873000,60.0187610183127000,0.0093070150419253,60.0280680333546000,192.6071005825600000
-26.0,74.0,-10,9/9/05,12:00:00 AM,2453622.9166666700000000,0.0568902578142782,168.5595381224960000,2405.5243615698200000,0.0167062420941675,-1.7271457952001500,166.8323923272960000,2403.7972157746200000,1.0071513037954900,166.8254646481240000,23.4385513002791000,23.4410239951616000,167.8792363285970000,5.2019778011469900,0.0430410737051233,2.6730969226944000,88.3862157094389000,###############################################################################################################################################################################################################################################################,###############################################################################################################################################################################################################################################################,2:54:52 AM,707.0897256755110000,898.6730969226940000,44.6682742306736000,53.3565311057632000,36.6434688942368000,0.0216494842163481,36.6651183784532000,299.2433694099300000
81.0,27.0,-12,12/14/06,12:00:00 AM,2454084.0000000000000000,0.0695140314852841,263.0251089222070000,2859.9682245566700000,0.0167057112264186,-0.6688296383122400,262.3562792838950000,2859.2993949183600000,0.9843394715819110,262.3513707713690000,23.4383871384372000,23.4409126931469000,-98.3273876752449000,-23.2200696094845000,0.0430406533443285,5.3708450804677400,#NUM!,###############################################################################################################################################################################################################################################################,#NUM!,#NUM!,#NUM!,833.3708450804680000,28.3427112701169000,105.2410620449040000,-15.2410620449038000,0.0211771323837445,-15.2198849125201000,206.8844867223500000
38.0,-91.0,2,12/8/11,12:00:00 AM,2455903.4166666700000000,0.1193269450148260,256.3283463130480000,4653.1858023522600000,0.0167036160491413,-0.8797885077425080,255.4485578053060000,4652.3060138445100000,0.9851515271056950,255.4474682385090000,23.4377393621524000,23.4370442793644000,-105.7982840849830000,-22.6425429722474000,0.0430260446616695,8.4845349881925500,72.1871490884264000,7:55:31 PM,3:06:46 PM,12:44:16 AM,577.4971927074110000,964.4845349881930000,61.1211337470481000,83.4409989569514000,6.5590010430485800,0.1287606667863310,6.6877617098349100,234.4370120501400000
22.0,38.0,7,10/7/16,12:00:00 AM,2457668.2083333300000000,0.1676443075519090,195.7905980073370000,6392.5649640737300000,0.0167015831753889,-1.9133764297567000,193.8772215775810000,6390.6515876439800000,0.9995322315285100,193.8699590521490000,23.4371110343618000,23.4346935321188000,-167.2350449886500000,-5.4707230370587900,0.0430171686079802,12.0683041093089000,88.6853260791797000,4:15:56 PM,10:21:11 AM,10:10:40 PM,709.4826086334380000,1184.0683041093100000,116.0170760273270000,116.1396430560670000,-26.1396430560668000,0.0117574375269374,-26.1278856185398000,274.8034617980060000
-73.0,162.0,9,12/11/17,12:00:00 AM,2458098.1250000000000000,0.1794147843942510,259.5368268363950000,6816.2909512305800000,0.0167010878622779,-0.7844803779114230,258.7523464584830000,6815.5064708526700000,0.9847556516689320,258.7434597137070000,23.4369579689854000,23.4350546990744000,-102.2392513056420000,-22.9581447490271000,0.0430185322534364,7.0471523516655200,#NUM!,10:04:57 AM,#NUM!,#NUM!,#NUM!,115.0471523516660000,-151.2382119120840000,82.1248274035213000,7.8751725964786900,0.1098023292285700,7.9849749257072600,#REF!
51.0,-9.0,-11,8/1/10,12:00:00 AM,2455409.9583333300000000,0.1058167921514990,129.9524417900420000,4166.8331304672700000,0.0167041843608239,-0.8481966100062230,129.1042451800360000,4165.9849338572600000,1.0149621999965000,129.1032570137050000,23.4379150506714000,23.4383761219801000,131.5366610619220000,17.9789703759634000,0.0430310739308062,-6.3386495489843100,115.1524705866720000,1:42:20 AM,###############################################################################################################################################################################################################################################################,9:22:57 AM,921.2197646933780000,617.6613504510160000,-25.5846623872461000,38.7597736884239000,51.2402263115761000,0.0129472997799365,51.2531736113561000,#REF!
-88.0,-169.0,-10,9/5/05,12:00:00 AM,2453618.9166666700000000,0.0567807437827929,164.6169486780640000,2401.5819604448300000,0.0167062466993861,-1.6668940983093600,162.9500545797550000,2399.9150663465200000,1.0081648573053100,162.9431098406880000,23.4385527244193000,23.4410229519128000,164.2783456238090000,6.7007977494107000,0.0430410697650145,1.3104360178096200,#NUM!,1:14:41 PM,#NUM!,#NUM!,#NUM!,1365.3104360178100000,161.3276090044520000,98.5950653101368000,-8.5950653101368000,0.0381745838683362,-8.5568907262684700,198.7585723371370000
-59.0,172.0,6,5/28/08,12:00:00 AM,2454614.2500000000000000,0.0840314852840520,65.6646223251719000,3382.5827735986600000,0.0167051006737876,1.1440731773275600,66.8086955024994000,3383.7268467759900000,1.0133697634477000,66.8059146090612000,23.4381983508128000,23.4402296529921000,64.9665394457497000,21.4470380788388000,0.0430380737154968,2.7775165421373200,51.4297662168450000,6:29:13 AM,3:03:30 AM,9:54:56 AM,411.4381297347600000,330.7775165421370000,-97.3056208644657000,111.9856118138840000,-21.9856118138842000,0.0142915830020283,-21.9713202308821000,#REF!
15.0,131.0,-2,10/29/07,12:00:00 AM,2454402.5833333300000000,0.0782363677846267,217.0359308054370000,3173.9640474449200000,0.0167053444022857,-1.7639650147267300,215.2719657907100000,3172.2000824302000000,0.9934513017296180,215.2683921582560000,23.4382737115831000,23.4405691170796000,-147.0225712829780000,-13.2788951603027000,0.0430393557546217,16.2643291217096000,87.2618290983474000,12:59:44 AM,###############################################################################################################################################################################################################################################################,6:48:47 AM,698.0946327867800000,660.2643291217100000,-14.9339177195726000,31.9079014367504000,58.0920985632496000,0.0100439705218782,58.1021425337715000,#REF!
-26.0,-69.0,-5,6/15/03,12:00:00 AM,2452805.7083333300000000,0.0345163130276109,83.0803010484760000,1600.0835983232300000,0.0167071828868019,0.6395954247326590,83.7198964732087000,1600.7231937479700000,1.0157406140855600,83.7101404399440000,23.4388422550492000,23.4401881939385000,83.1495442806181000,23.2907337144437000,0.0430379171403243,-0.3175249815016230,78.9102044807483000,11:36:19 AM,6:20:41 AM,4:51:58 PM,631.2816358459870000,23.6824750184984000,-174.0793812453750000,173.9762897495340000,-83.9762897495340000,0.0006088656724682,-83.9756808838616000,#REF!
38.0,62.0,1,4/22/14,12:00:00 AM,2456769.4583333300000000,0.1430378736025600,29.9400307418000000,5506.7567120485300000,0.0167026185246465,1.8214278345299800,31.7614585763300000,5508.5781398830600000,1.0050704377194000,31.7580409811460000,23.4374310208838000,23.4351788082055000,29.5944472180216000,12.0830144763643000,0.0430190008533480,1.3737137260690000,100.7263191104490000,8:50:38 AM,2:07:43 AM,3:33:32 PM,805.8105528835890000,189.3737137260690000,-132.6565715684830000,113.1570461078050000,-23.1570461078052000,0.0134903409763717,-23.1435557668289000,#REF!
-34.0,75.0,-1,5/28/10,12:00:00 AM,2455344.5416666700000000,0.1040257814282410,65.4746768650384000,4102.3584454285600000,0.0167042596971594,1.1499181398882100,66.6245950049266000,4103.5083635684500000,1.0133302856180600,66.6235462298261000,23.4379383413052000,23.4385507220542000,64.7737207382099000,21.4147114417022000,0.0430317332746140,2.7963291916296700,75.7767783123989000,5:57:12 AM,12:54:06 AM,11:00:19 AM,606.2142264991910000,362.7963291916300000,-89.3009177020926000,101.2303200982830000,-11.2303200982827000,0.0290599109919503,-11.2012601872908000,#REF!
32.0,-61.0,10,3/3/13,12:00:00 AM,2456354.0833333300000000,0.1316655258955100,340.5267575663640000,5097.3629955072300000,0.0167030969798407,1.6299479081656700,342.1567054745290000,5098.9929434154000000,0.9911933072220120,342.1546975154540000,23.4375789089765000,23.4359464483859000,-16.4560419375095000,-7.0007084138549600,0.0430218993003565,-12.0789110428407000,86.5911596889781000,2:16:05 AM,8:29:43 PM,8:02:27 AM,692.7292775118250000,583.9210889571590000,-34.0197277607102000,50.7228193031241000,39.2771806968759000,0.0196984166359537,39.2968791135118000,#REF!
5.0,-12.0,8,1/10/06,12:00:00 AM,2453745.1666666700000000,0.0602372804015472,289.0549280214410000,2526.0139959504200000,0.0167061013457090,0.2048196924595120,289.2597477139000000,2526.2188156428800000,0.9833899862147090,289.2533484698270000,23.4385077749926000,23.4410394378584000,-69.1581487667544000,-22.0586694909035000,0.0430411320286301,-7.1674283059298200,88.8708719949250000,8:55:10 PM,2:59:41 PM,2:50:39 AM,710.9669759594000000,904.8325716940700000,46.2081429235176000,52.6839963935937000,37.3160036064063000,0.0211292356234325,37.3371328420297000,237.2681867779170000
-61.0,7.0,-13,9/13/02,12:00:00 AM,2452531.0416666700000000,0.0269963495322796,172.3558259827980000,1329.3720543469300000,0.0167074990621154,-1.7784127275828500,170.5774132552150000,1327.5936416193500000,1.0061293588141300,170.5671563987590000,23.4389400459729000,23.4396959748684000,171.3332247574670000,3.7379544956940900,0.0430360582385346,4.0266580725554700,84.9622822770928000,###############################################################################################################################################################################################################################################################,###############################################################################################################################################################################################################################################################,4:07:49 AM,679.6982582167420000,812.0266580725560000,23.0066645181389000,67.1525524284201000,22.8474475715799000,0.0380459124357546,22.8854934840157000,334.9625174216930000
-36.0,25.0,10,12/12/11,12:00:00 AM,2455907.0833333300000000,0.1194273328770290,259.9423866412230000,4656.7996700485400000,0.0167036118261000,-0.7687660607776550,259.1736205804460000,4656.0309039877600000,0.9846924774055520,259.1725265890920000,23.4377380566901000,23.4370346284879000,-101.7749823078740000,-22.9955823198932000,0.0430260082194439,6.8460524940219100,109.1385866505900000,8:13:09 PM,12:56:36 PM,3:29:42 AM,873.1086932047210000,946.8460524940220000,56.7115131235055000,50.3294621063515000,39.6705378936485000,0.0194257113309308,39.6899636049794000,268.5797548054810000
-74.0,120.0,5,6/6/17,12:00:00 AM,2457910.2916666700000000,0.1742721879990830,74.3993971339050000,6631.1623652593400000,0.0167013042720533,0.9064719241032160,75.3058690580083000,6632.0688371834400000,1.0146947019888300,75.2976441967243000,23.4370248442211000,23.4348544595891000,74.0406043786712000,22.6241330440910000,0.0430177762133177,1.3987255952734800,#NUM!,8:58:36 AM,#NUM!,#NUM!,#NUM!,181.3987255952740000,-134.6503186011820000,123.2701679706260000,-33.2701679706258000,0.0087939601993203,-33.2613740104265000,#REF!
40.0,-35.0,-5,4/5/07,12:00:00 AM,2454195.7083333300000000,0.0725724389687471,13.1301329124685000,2970.0679892943800000,0.0167055826050847,1.9139145674931300,15.0440474799617000,2971.9819038618800000,1.0002998578324900,15.0396208020974000,23.4383473663487000,23.4408163387477000,13.8482062755421000,5.9248712073994800,0.0430402894388573,-2.8700541095402200,96.0940434524875000,9:22:52 AM,2:58:30 AM,3:47:15 PM,768.7523476199000000,157.1299458904600000,-140.7175135273850000,121.5623102809840000,-31.5623102809841000,0.0093928400404646,-31.5529174409436000,#REF!
36.0,-121.0,-7,4/10/13,12:00:00 AM,2456392.7916666700000000,0.1327253023043540,18.6795242173712000,5135.5139397022900000,0.0167030523945191,1.9010073567903200,20.5805315741615000,5137.4149470590900000,1.0018816825605800,20.5784122364966000,23.4375651274495000,23.4358631793203000,19.0074621042038000,8.0359825521680200,0.0430215848888608,-1.3057878871377800,96.9338012827104000,1:05:18 PM,6:37:34 AM,7:33:02 PM,775.4704102616830000,1374.6942121128600000,163.6735530282160000,133.3616197692290000,-43.3616197692289000,0.0061097969516616,-43.3555099722772000,337.4893208512550000
61.0,-8.0,12,4/10/05,12:00:00 AM,2453470.0000000000000000,0.0527036276522930,17.8376291584123000,2254.8096518934000000,0.0167064181456733,1.9039873438984000,19.7416165023107000,2256.7136392373000000,1.0016782910387900,19.7340508226865000,23.4386057439717000,23.4409604165919000,18.2172683294160000,7.7193213005056800,0.0430408335839677,-1.5321490893923700,105.9499624819550000,12:33:32 AM,5:29:44 PM,7:37:20 AM,847.5996998556440000,686.4678509106080000,-8.3830372723481000,53.6467104470216000,36.3532895529784000,0.0218790015308519,36.3751685545093000,#REF!
-61.0,-7.0,6,5/7/09,12:00:00 AM,2454958.2500000000000000,0.0934496919917864,44.7273147284964000,3721.6292702550900000,0.0167047045488463,1.6120003671885500,46.3393150956849000,3723.2412706222800000,1.0089609736239500,46.3375740530120000,23.4380758747213000,23.4395183384992000,43.8710826046522000,16.7240539515142000,0.0430353873922960,3.4157156415229800,59.2859139811096000,6:24:35 PM,2:27:26 PM,10:21:44 PM,474.2873118488760000,1055.4157156415200000,83.8539289103808000,101.6523529114240000,-11.6523529114240000,0.0279794297237225,-11.6243734817003000,283.5333858846920000
81.0,165.0,-4,7/20/15,12:00:00 AM,2457223.6666666700000000,0.1554734200319370,117.6292765816320000,5954.4245727727700000,0.0167020953012517,-0.4673097539237020,117.1619668277090000,5953.9572630188500000,1.0161935192472900,117.1566379930310000,23.4372693067759000,23.4347166246922000,119.2091696270450000,20.7237054217812000,0.0430172557971028,-6.3379035548911000,#NUM!,###############################################################################################################################################################################################################################################################,#NUM!,#NUM!,#NUM!,893.6620964451090000,43.4155241112772000,62.8845367712387000,27.1154632287613000,0.0313730389526935,27.1468362677140000,226.2357278581900000
33.0,132.0,2,10/25/13,12:00:00 AM,2456590.4166666700000000,0.1381359799224230,213.4680842141880000,5330.2931951529100000,0.0167028247601798,-1.8079961622853400,211.6600880519030000,5328.4851989906300000,0.9944556032463960,211.6573321114360000,23.4374947660057000,23.4354737841847000,-150.5022309107380000,-12.0483152103129000,0.0430201146077706,15.9092801817345000,83.0569235905725000,4:56:05 AM,###############################################################################################################################################################################################################################################################,10:28:19 AM,664.4553887245800000,423.9092801817350000,-74.0226799545664000,83.5648479427375000,6.4351520572625000,0.1308459844266960,6.5659980416891900,#REF!
-77.0,135.0,6,3/19/05,12:00:00 AM,2453448.2500000000000000,0.0521081451060917,356.3997990559150000,2233.3728457754800000,0.0167064431858809,1.8450805098027800,358.2448795657180000,2235.2179262852800000,0.9954786486390040,358.2372258914260000,23.4386134877337000,23.4409474928391000,-1.6173740964144500,-0.7011449039583160,0.0430407847741119,-7.9382726535811000,96.7559629910286000,9:07:56 AM,2:40:55 AM,3:34:58 PM,774.0477039282290000,172.0617273464190000,-136.9845681633950000,98.7742561980600000,-8.7742561980600300,0.0373830252475983,-8.7368731728124300,#REF!
83.0,37.0,-12,8/14/17,12:00:00 AM,2457980.0000000000000000,0.1761806981519510,143.1072320683020000,6699.8669181285900000,0.0167012239592696,-1.2073240603018400,141.8999080080000000,6698.6595940682900000,1.0129322466500600,141.8914275002110000,23.4370000256159000,23.4349215463543000,144.2595742347340000,14.2082175225903000,0.0430180295106402,-4.6425642325190000,#NUM!,###############################################################################################################################################################################################################################################################,#NUM!,#NUM!,#NUM!,863.3574357674810000,35.8393589418702000,70.1603100476794000,19.8396899523206000,0.0443201707816480,19.8840101231022000,217.1151817395840000
-3.0,-110.0,0,8/16/16,12:00:00 AM,2457616.5000000000000000,0.1662286105407260,144.8244156153780000,6341.6012162453700000,0.0167016427469305,-1.2510544685743100,143.5733611468030000,6340.3501617768000000,1.0126109410156500,143.5663160541930000,23.4371294443395000,23.4346744694949000,145.8908941946890000,13.6619421175903000,0.0430170966345473,-4.2940300043388100,90.1285237907884000,7:24:18 PM,1:23:47 PM,1:24:48 AM,721.0281903263070000,995.7059699956610000,68.9264924989153000,70.3330749415161000,19.6669250584839000,0.0447344632446253,19.7116595217285000,285.6582812613720000
-27.0,-108.0,-7,12/17/11,12:00:00 AM,2455912.7916666700000000,0.1195836185261190,265.5687903331820000,4662.4258049840000000,0.0167036052515874,-0.5896549102639460,264.9791354229180000,4661.8361500737400000,0.9841030647995240,264.9780344383050000,23.4377360243228000,23.4370196199407000,-95.4709170556065000,-23.3417058857292000,0.0430259515464008,4.1381061621862900,103.7477064554800000,12:07:52 PM,5:12:52 AM,7:02:51 PM,829.9816516438410000,1432.1381061621900000,178.0345265405470000,129.6224835713860000,-39.6224835713864000,0.0069691618549353,-39.6155144095314000,182.3430497876530000
76.0,-31.0,-7,10/10/13,12:00:00 AM,2456575.7916666700000000,0.1377355692448050,199.0529915382920000,5315.8787910496600000,0.0167028416062389,-1.9076682251503500,197.1453233131420000,5313.9711228245100000,0.9985669570182800,197.1426181089940000,23.4374999730195000,23.4355004149953000,-164.1979744371030000,-6.7321146559555800,0.0430202151597197,12.9949451148608000,65.6112009753640000,6:51:00 AM,2:28:34 AM,11:13:27 AM,524.8896078029120000,308.9949451148610000,-102.7512637212850000,99.6002950068902000,-9.6002950068902200,0.0341132202979219,-9.5661817865923000,#REF!
-40.0,-125.0,0,12/18/12,12:00:00 AM,2456279.5000000000000000,0.1296235455167690,267.0138917921860000,5023.8536412437800000,0.0167031828861703,-0.5431520904908030,266.4707397016950000,5023.3104891532900000,0.9839787909932820,266.4689329420310000,23.4376054632644000,23.4361127022547000,-93.8476426470529000,-23.3889693257927000,0.0430225270537363,3.4238234373417500,112.5566175893930000,8:16:35 PM,12:46:21 PM,3:46:48 AM,900.4529407151460000,943.4238234373420000,55.8559558593354000,49.4734350902714000,40.5265649097286000,0.0188474097176342,40.5454123194462000,272.0385443464620000
-1.0,-73.0,8,9/2/07,12:00:00 AM,2454345.1666666700000000,0.0766643851243398,160.4433448018690000,3117.3741646396800000,0.0167054105145724,-1.5940745498798300,158.8492702519890000,3115.7800900898000000,1.0092030403975400,158.8454663110330000,23.4382941539332000,23.4406464472777000,160.4537706613980000,8.2538714086637200,0.0430396478070788,-0.0692964330263426,90.6967576979422000,12:52:04 AM,6:49:17 PM,6:54:51 AM,725.5740615835370000,667.9307035669740000,-13.0173241082566000,15.9383825891793000,74.0616174108207000,0.0046085215955341,74.0662259324162000,#REF!
-84.0,-169.0,-3,7/2/11,12:00:00 AM,2455744.6250000000000000,0.1149794661190970,99.8157589382645000,4496.6806911067500000,0.0167037989331736,0.1085642675943850,99.9243232058589000,4496.7892553743400000,1.0166777234820900,99.9233739729429000,23.4377958975693000,23.4374685769736000,100.7955934925380000,23.0663793324749000,0.0430276468486327,-3.9173391165420400,#NUM!,8:19:55 PM,#NUM!,#NUM!,#NUM!,940.0826608834580000,55.0206652208645000,109.5432101945380000,-19.5432101945376000,0.0162550078309046,-19.5269551867067000,306.8758940817290000
29.0,-77.0,2,7/26/17,12:00:00 AM,2457960.4166666700000000,0.1756445357061330,123.8049712077370000,6680.5655793069900000,0.0167012465218304,-0.6593776040989190,123.1455936036380000,6679.9062017028900000,1.0156715506125900,123.1371837906640000,23.4370069979675000,23.4349018113080000,125.4321327246130000,19.4525122278493000,0.0430179549975826,-6.5404015217581200,102.3218336195250000,7:14:32 PM,12:25:15 PM,2:03:50 AM,818.5746689561980000,1005.4595984782400000,71.3648996195605000,64.8508096187028000,25.1491903812972000,0.0341891210570527,25.1833795023543000,279.2302945345290000
-42.0,-100.0,13,5/7/09,12:00:00 AM,2454957.9583333300000000,0.0934417065936616,44.4398342481491000,3721.3418035066400000,0.0167047048847176,1.6171030676050900,46.0569373157541000,3722.9589065742400000,1.0088907535795100,46.0551955469090000,23.4380759785649000,23.4395190123962000,43.5887352455055000,16.6428878905402000,0.0430353899372666,3.3952553299305500,75.5971610306281000,7:36:36 AM,2:34:13 AM,12:39:00 PM,604.7772882450250000,263.3952553299300000,-114.1511861675170000,118.8789056131710000,-28.8789056131705000,0.0104614383627212,-28.8684441748078000,#REF!
1.0,100.0,6,7/9/13,12:00:00 AM,2456482.2500000000000000,0.1351745379876800,106.8538945111650000,5223.6840981375700000,0.0167029493528645,-0.1204747044335370,106.7334198067310000,5223.5636234331300000,1.0166705912338900,106.7310258292540000,23.4375332771393000,23.4356792141514000,108.1404526506270000,22.3883615045247000,0.0430208902683994,-5.1506104359825200,91.3131022171465000,11:25:09 AM,5:19:54 AM,5:30:24 PM,730.5048177371720000,34.8493895640175000,-171.2876526089960000,155.1168669819960000,-65.1168669819955000,0.0026762805184837,-65.1141907014771000,#REF!
-3.0,-116.0,8,12/24/12,12:00:00 AM,2456285.1666666700000000,0.1297786903947030,272.5992268451660000,5029.4387095005400000,0.0167031763592461,-0.3581593073696210,272.2410675377970000,5029.0805501931800000,0.9835903951297940,272.2392461273910000,23.4376034457319000,23.4360998132310000,-87.5596493676348000,-23.4171353489212000,0.0430224783862512,0.6206779758345870,92.2099991814269000,3:43:23 AM,9:34:32 PM,9:52:13 AM,737.6799934514150000,496.6206779758350000,-55.8448305060413000,57.6366051165618000,32.3633948834382000,0.0253906014126986,32.3887854848508000,#REF!
-37.0,-133.0,5,9/19/15,12:00:00 AM,2457284.2916666700000000,0.1571332420716360,177.3841479489130000,6014.1765897725900000,0.0167020254615716,-1.8306457892237800,175.5535021596890000,6012.3459439833700000,1.0048116393908900,175.5479058368890000,23.4372477221497000,23.4346882138083000,175.9138416929450000,1.7691130430022800,0.0430171485279961,5.8321148085303200,89.7099422842728000,1:46:10 AM,7:47:20 PM,7:45:00 AM,717.6795382741830000,613.8321148085300000,-26.5419712978674000,45.9293071107889000,44.0706928892111000,0.0166496919670624,44.0873425811781000,#REF!
39.0,-54.0,8,2/26/12,12:00:00 AM,2455983.1666666700000000,0.1215103810175640,334.9337234455880000,4731.7874247389900000,0.0167035241974165,1.5234262471680700,336.4571496927560000,4733.3108509861600000,0.9898434617447890,336.4559520622280000,23.4377109683484000,23.4368363372352000,-21.7904907054436000,-9.1417751318377200,0.0430252594647735,-13.1212290065330000,83.6060298278136000,11:49:07 PM,6:14:42 PM,5:23:33 AM,668.8482386225090000,730.8787709934670000,2.7196927483667500,48.2082247251413000,41.7917752748587000,0.0180283947667876,41.8098036696255000,183.6024825580870000
-88.0,2.0,-11,8/8/01,12:00:00 AM,2452129.9583333300000000,0.0160152863335657,137.0290971340120000,934.0642080913600000,0.0167079607329112,-1.0540967918087800,135.9750003422040000,933.0101112995520000,1.0139278721596200,135.9645423629960000,23.4390828456184000,23.4389014050706000,138.4236819366350000,16.0509424124814000,0.0430330575785181,-5.6184896207972100,#NUM!,12:57:37 AM,#NUM!,#NUM!,#NUM!,662.3815103792030000,-14.4046224051993000,104.1132245940480000,-14.1132245940477000,0.0229489132355385,-14.0902756808122000,#REF!
-89.0,26.0,-4,2/9/16,12:00:00 AM,2457427.6666666700000000,0.1610586356376870,318.7013385911700000,6155.4870299729100000,0.0167018602915504,1.1301741597324900,319.8315127509030000,6156.6172041326500000,0.9864975192122600,319.8252841839170000,23.4371966756229000,23.4346529767846000,-37.7637223665726000,-14.8664162247650000,0.0430170154860829,-14.1929022186077000,#NUM!,6:30:12 AM,#NUM!,#NUM!,#NUM!,329.8070977813920000,-97.5482255546519000,75.2672129477453000,14.7327870522547000,0.0603242718430798,14.7931113240978000,#REF!
-5.0,-80.0,7,12/5/13,12:00:00 AM,2456631.2083333300000000,0.1392527948893490,253.6742828751240000,5370.4974732643000000,0.0167027777733783,-0.9599532514205420,252.7143296237030000,5369.5375200128800000,0.9855331674246450,252.7114293677640000,23.4374802427394000,23.4354014694351000,-108.7384720263460000,-22.3179596278512000,0.0430198415641882,9.6240227118707600,92.9628869909744000,12:10:23 AM,5:58:31 PM,6:22:14 AM,743.7030959277950000,709.6240227118710000,-2.5939943220323000,17.4988047673450000,72.5011952326550000,0.0050875927075050,72.5062828253625000,#REF!
29.0,90.0,-11,6/20/10,12:00:00 AM,2455367.9583333300000000,0.1046668948209030,88.5552525897588000,4125.4379186720300000,0.0167042327297238,0.4717334992598660,89.0269860890186000,4125.9096521712900000,1.0161858774696300,89.0259609713096000,23.4379300041484000,23.4384884504417000,88.9383819932399000,23.4348991540827000,0.0430314981171442,-1.5331564563486200,104.9744613003680000,###############################################################################################################################################################################################################################################################,###############################################################################################################################################################################################################################################################,2:01:26 AM,839.7956904029450000,1018.4668435436500000,74.6167108859129000,66.0657227133732000,23.9342772866268000,0.0361397482211281,23.9704170348480000,284.5642880860850000
65.0,-40.0,1,12/10/01,12:00:00 AM,2452253.4583333300000000,0.0193965320556739,258.7565461506040000,1055.7858428659800000,0.0167078185803142,-0.8004642741895350,257.9560818764140000,1054.9853785917900000,0.9848112105841930,257.9456163373070000,23.4390388753175000,23.4391494486908000,-103.1025963405070000,-22.8925319686218000,0.0430339942928445,7.3728420240985800,29.7493263390879000,3:32:38 PM,1:33:38 PM,5:31:37 PM,237.9946107127040000,1227.3728420241000000,126.8432105060250000,125.8744353842140000,-35.8744353842140000,0.0079784346417562,-35.8664569495723000,294.5167477041580000
-22.0,180.0,4,2/20/14,12:00:00 AM,2456708.3333333300000000,0.1413643623089250,329.6923357074520000,5446.5118949012500000,0.0167026889343437,1.4087210139017200,331.1010567213540000,5447.9206159151500000,0.9886555542284640,331.0978729439930000,23.4374527835305000,23.4352728800917000,-26.8639078677310000,-11.0823997019795000,0.0430193560432166,-13.8093629265322000,95.4579789223720000,4:13:49 AM,###############################################################################################################################################################################################################################################################,10:35:38 AM,763.6638313789760000,466.1906370734680000,-63.4523407316331000,61.4009848932114000,28.5990151067886000,0.0294825345017750,28.6284976412903000,#REF!
53.0,-31.0,11,10/28/07,12:00:00 AM,2454401.0416666700000000,0.0781941592516499,215.5163911228760000,3172.4445803446400000,0.0167053461774424,-1.7832141275477300,213.7331769953280000,3170.6613662170900000,0.9938637373300430,213.7295972539520000,23.4382742604705000,23.4405712786189000,-148.5098842465110000,-12.7611208984903000,0.0430393639180787,16.1333876956959000,73.9914082350252000,12:47:52 AM,7:51:54 PM,5:43:50 AM,591.9312658802020000,672.1333876956960000,-11.9666530760760000,66.5601228387410000,23.4398771612590000,0.0369866514710537,23.4768638127300000,#REF!
54.0,-31.0,4,7/10/15,12:00:00 AM,2457213.3333333300000000,0.1551905087839420,107.4442538335920000,5944.2400365421000000,0.0167021072051275,-0.1386186111669190,107.3056352224260000,5944.1014179309300000,1.0166589171137100,107.3003518902710000,23.4372729858050000,23.4347222673837000,108.7510131460140000,22.3158107478477000,0.0430172771018596,-5.2438637066187100,126.2759737933870000,6:09:15 PM,9:44:08 AM,2:34:21 AM,1010.2077903471000000,1070.7561362933800000,87.6890340733453000,70.7846770691980000,19.2153229308020000,0.0458500931906819,19.2611730239927000,281.7942203803870000
11.0,122.0,-10,1/8/02,12:00:00 AM,2452282.9166666700000000,0.0202030572667080,287.7920746448210000,1084.8199844932400000,0.0167077846723674,0.1642868215821230,287.9563614664030000,1084.9842713148200000,0.9833543227535160,287.9459033175190000,23.4390283871245000,23.4392085441880000,-70.5567015432373000,-22.2360453454476000,0.0430342174632798,-6.6418761327333200,86.3611196306368000,###############################################################################################################################################################################################################################################################,###############################################################################################################################################################################################################################################################,###############################################################################################################################################################################################################################################################,690.8889570450950000,1081.3581238672700000,90.3395309668167000,94.4501082367013000,-4.4501082367012500,0.0741401310249372,-4.3759681056763200,248.1891309943600000
-30.0,159.0,-7,7/18/12,12:00:00 AM,2456126.7916666700000000,0.1254426192105820,116.4973258436120000,4873.3442650524700000,0.0167033587748840,-0.4329654577460320,116.0643603858660000,4872.9112995947200000,1.0162679246285700,116.0629070925480000,23.4376598327990000,23.4364744647366000,118.0607316018410000,20.9337086606996000,0.0430238930398055,-6.2554853779268500,78.2943159157009000,###############################################################################################################################################################################################################################################################,###############################################################################################################################################################################################################################################################,###############################################################################################################################################################################################################################################################,626.3545273256070000,1049.7445146220700000,82.4361286555182000,94.1387533243696000,-4.1387533243696300,0.0797393363685833,-4.0590139880010500,291.8304549695440000
75.0,-106.0,8,8/1/10,12:00:00 AM,2455409.1666666700000000,0.1057951174994250,129.1721376282160000,4166.0528635779700000,0.0167041852725424,-0.8251836367932980,128.3469539914220000,4165.2276799411800000,1.0150605279265700,128.3459651939320000,23.4379153325326000,23.4383782461682000,130.7678169900150000,18.1771940210693000,0.0430310819523638,-6.3844197966613500,#NUM!,3:10:23 AM,#NUM!,#NUM!,#NUM!,529.6155802033390000,-47.5961049491654000,62.1503869525081000,27.8496130474919000,0.0304147278964684,27.8800277753883000,#REF!
35.0,105.0,7,10/4/13,12:00:00 AM,2456569.2083333300000000,0.1375553274013280,192.5641464024730000,5309.3902558695800000,0.0167028491893520,-1.9131166947290000,190.6510297077440000,5307.4771391748500000,1.0004575950096100,190.6483471647340000,23.4375023169175000,23.4355125221236000,-170.2123255531710000,-4.2144870090215600,0.0430202608735545,11.0812746495811000,88.0629081937777000,11:48:55 AM,5:56:40 AM,5:41:10 PM,704.5032655502220000,11.0812746495811000,-177.2296813376050000,149.1077756434420000,-59.1077756434420000,0.0034522103188475,-59.1043234331231000,#REF!
63.0,164.0,9,5/13/02,12:00:00 AM,2452407.1250000000000000,0.0236036960985626,50.2176905505453000,1207.2397527964000000,0.0167076417008382,1.5049890371199500,51.7226795876652000,1208.7447418335200000,1.0102859366821000,51.7122913526084000,23.4389841646284000,23.4394556403955000,49.2911692556889000,18.1931330366751000,0.0430351506133797,3.6606234154641800,132.7437637777260000,10:00:20 AM,1:09:22 AM,6:51:19 PM,1061.9501102218000000,119.6606234154640000,-150.0848441461340000,95.4881907017232000,-5.4881907017232300,0.0600534776470575,-5.4281372240761700,#REF!
-44.0,-66.0,-13,8/3/09,12:00:00 AM,2455047.0416666700000000,0.0958806753365232,132.2445867224800000,3809.1423618656800000,0.0167046022992846,-0.9154398252093960,131.3291468972710000,3808.2269220404700000,1.0146557925221000,131.3276133412130000,23.4380442617662000,23.4393085095116000,133.7851027053680000,17.3801006905452000,0.0430345949774745,-6.1662418511059400,73.6751445223167000,3:30:10 AM,###############################################################################################################################################################################################################################################################,8:24:52 AM,589.4011561785340000,509.8337581488940000,-52.5415604627765000,77.8766395428973000,12.1233604571027000,0.0732222012167073,12.1965826583194000,#REF!
-71.0,143.0,2,12/4/01,12:00:00 AM,2452247.4166666700000000,0.0192311202372762,252.8015933473680000,1049.8311744979000000,0.0167078255345404,-0.9797963114472580,251.8217970359210000,1048.8513781864500000,0.9856283349114580,251.8113304184260000,23.4390410263613000,23.4391373168625000,-109.7031901829990000,-22.2036273754227000,0.0430339484778342,9.9609617367683000,#NUM!,4:18:02 AM,#NUM!,#NUM!,#NUM!,461.9609617367680000,-64.5097595658079000,60.8543183619014000,29.1456816380986000,0.0288298440009084,29.1745114820995000,#REF!
26.0,-43.0,-5,3/30/09,12:00:00 AM,2454920.7083333300000000,0.0924218571754549,7.7244700245578300,3684.6281930415200000,0.0167047477801439,1.9091975995370000,9.6336676240948300,3686.5373906410600000,0.9987143470133820,9.6318307731492900,23.4380892408744000,23.4396042025168000,8.8501436160382300,3.8161711758372900,0.0430357116582552,-4.4873954865879900,92.7939596499742000,9:56:29 AM,3:45:19 AM,4:07:40 PM,742.3516771997940000,123.5126045134120000,-149.1218488716470000,137.7751472546630000,-47.7751472546634000,0.0052364788893810,-47.7699107757740000,#REF!
76.0,-117.0,-11,10/29/08,12:00:00 AM,2454768.9583333300000000,0.0882671686059819,218.1524828920150000,3535.0633504051600000,0.0167049225259018,-1.7492009373131400,216.4032819547020000,3533.3141494678500000,0.9931558665148150,216.4010118417220000,23.4381432692088000,23.4399318291339000,-145.9236987292640000,-13.6541273259966000,0.0430369489542211,16.3412829699625000,24.1496722259197000,8:31:40 AM,6:55:04 AM,10:08:15 AM,193.1973778073570000,208.3412829699630000,-127.9146792575090000,111.9319340584820000,-21.9319340584821000,0.0143302415754747,-21.9176038169066000,#REF!
-89.0,-126.0,-13,11/18/00,12:00:00 AM,2451867.0416666700000000,0.0088170203057224,237.8859786363200000,674.9334673817040000,0.0167082633490678,-1.3755648561566300,236.5104137801630000,673.5579025255470000,0.9883426166287860,236.5001773868380000,23.4391764530972000,23.4383859354743000,-125.8068862513960000,-19.3713426590359000,0.0430311109894463,14.7517204083983000,#NUM!,7:09:15 AM,#NUM!,#NUM!,#NUM!,290.7517204083980000,-107.3120698979000000,70.9290109684368000,19.0709890315632000,0.0462170079219057,19.1172060394851000,#REF!
2.0,5.0,0,5/1/08,12:00:00 AM,2454587.5000000000000000,0.0832991101984942,39.2985554036213000,3356.2179660813600000,0.0167051314761660,1.7013693841564700,40.9999247877778000,3357.9193354655200000,1.0076032381878000,40.9970492456466000,23.4382078747528000,23.4402770707801000,38.5711728237590000,15.1270440993323000,0.0430382527949342,2.8976354163317600,91.4044100308625000,11:37:06 AM,5:31:29 AM,5:42:43 PM,731.2352802469000000,22.8976354163318000,-174.2755911459170000,161.9604561164040000,-71.9604561164043000,0.0018791903431469,-71.9585769260611000,#REF!
-88.0,80.0,8,6/13/12,12:00:00 AM,2456091.1666666700000000,0.1244672598676660,81.3836385638542000,4838.2322550534800000,0.0167033998069480,0.6962982779072520,82.0799368417615000,4838.9285533313900000,1.0155508885490800,82.0785541126294000,23.4376725165514000,23.4365624858551000,81.3765569009781000,23.1997730253031000,0.0430242254040282,0.0236407162651589,#NUM!,2:39:59 PM,#NUM!,#NUM!,#NUM!,1280.0236407162700000,140.0059101790660000,114.7256117908780000,-24.7256117908781000,0.0125301228361102,-24.7130816680420000,220.5688611268530000
52.0,-121.0,-11,9/8/01,12:00:00 AM,2452160.9583333300000000,0.0168640200775767,167.5841653075660000,964.6178168205410000,0.0167079250511551,-1.7141559712849400,165.8700093362810000,962.9036608492560000,1.0073883500392300,165.8595436088020000,23.4390718085392000,23.4389635938901000,166.9849453870570000,5.5765513360833800,0.0430332924279412,2.3366514461678500,98.5513991129381000,9:01:40 AM,2:27:27 AM,3:35:52 PM,788.4111929035040000,178.3366514461680000,-135.4158371384580000,111.0901137570720000,-21.0901137570720000,0.0149609901784065,-21.0751527668936000,#REF!
-54.0,79.0,11,12/3/02,12:00:00 AM,2452611.0416666700000000,0.0291866301619853,251.2076148332500000,1408.2200768660100000,0.0167074069736973,-1.0264531599333900,250.1811616733170000,1407.1936237060700000,0.9858775167598080,250.1710215587680000,23.4389115631810000,23.4398461016756000,-111.4561599301730000,-21.9749408534344000,0.0430366251989397,10.6010265956944000,125.5959624664550000,5:33:24 PM,9:11:01 AM,1:55:47 AM,1004.7676997316400000,1106.6010265956900000,96.6502566489236000,76.1364769801430000,13.8635230198570000,0.0641253259016719,13.9276483457587000,251.5763622156480000
67.0,-24.0,-8,5/2/14,12:00:00 AM,2456779.8333333300000000,0.1433219256217250,40.1661221281674000,5516.9823149589200000,0.0167026065736458,1.6893744096514200,41.8554965378189000,5518.6716893685700000,1.0077982781452800,41.8520385151595000,23.4374273270195000,23.4351635483492000,39.4150746373899000,15.3881374836002000,0.0430189432364285,2.9896477135714200,133.3912045615590000,5:33:01 AM,###############################################################################################################################################################################################################################################################,2:26:35 PM,1067.1296364924700000,386.9896477135710000,-83.2525880716071000,73.2303798003719000,16.7696201996281000,0.0528562028606513,16.8224764024888000,#REF!
-18.0,-51.0,4,12/17/18,12:00:00 AM,2458469.3333333300000000,0.1895779146703210,265.4173417945630000,7182.1539885662800000,0.0167006601596302,-0.5983542983947740,264.8189874961680000,7181.5556342678900000,0.9841307493936410,264.8090916072000000,23.4368258058536000,23.4356093662841000,-95.6547176704108000,-23.3337887339950000,0.0430206265365980,4.2290178342690500,99.0216437166568000,7:19:46 PM,12:43:41 PM,1:55:51 AM,792.1731497332540000,1000.2290178342700000,70.0572544585673000,65.1493610750152000,24.8506389249848000,0.0346522262400980,24.8852911512249000,252.0320172165620000
26.0,-132.0,-1,12/1/00,12:00:00 AM,2451879.5416666700000000,0.0091592516541139,250.2065706402390000,687.2534709023190000,0.0167082489619091,-1.0541064156580400,249.1524642245800000,686.1993644866610000,0.9860315997870950,249.1422110826970000,23.4391720026627000,23.4384096667462000,-112.5523721285130000,-21.8202799024749000,0.0430312006057798,10.9831514557574000,79.7550979766534000,7:37:01 PM,2:18:00 PM,12:56:02 AM,638.0407838132270000,982.9831514557570000,65.7457878639393000,79.6408137856089000,10.3591862143911000,0.0852217706182022,10.4444079850093000,239.3655116927300000
-90.0,-18.0,13,10/13/18,12:00:00 AM,2458403.9583333300000000,0.1877880447182340,200.9806454190310000,7117.7203702523400000,0.0167007354859711,-1.9014024386521100,199.0792429803790000,7115.8189678136800000,0.9980322201402200,199.0694919175540000,23.4368490816352000,23.4354988453411000,-162.4025999453640000,-7.4661138030400800,0.0430202092330554,13.5030698401384000,#NUM!,1:58:30 AM,#NUM!,#NUM!,#NUM!,601.5030698401380000,-29.6242325399654000,82.5338861969599000,7.4661138030400900,0.1151285709719420,7.5812423740120300,#REF!
56.0,-32.0,-1,6/6/16,12:00:00 AM,2457545.5416666700000000,0.1642858772530190,74.8845214888834000,6271.6646630198500000,0.0167017244949640,0.8919510543092610,75.7764725431926000,6272.5566140741600000,1.0147631158863500,75.7697307644368000,23.4371547079920000,23.4346574499128000,74.5491913573743000,22.6747649134542000,0.0430170323749411,1.3113848953860200,130.3592199454610000,1:06:41 PM,4:25:15 AM,9:48:08 PM,1042.8737595636800000,1373.3113848953900000,163.3278462238470000,100.0604802500100000,-10.0604802500097000,0.0325225096909290,-10.0279577403187000,344.4039030667270000
-68.0,3.0,-1,6/25/00,12:00:00 AM,2451720.5416666700000000,0.0048060689025739,93.4886403556868000,530.5430261174130000,0.0167084319643550,0.3082353344552690,93.7968756901421000,530.8512614518680000,1.0164897413962400,93.7868801499407000,23.4392286121864000,23.4381166573299000,94.1263057984503000,23.3838939450427000,0.0430300941222484,-2.5890590457146900,#NUM!,10:50:35 AM,#NUM!,#NUM!,#NUM!,69.4109409542853000,-162.6472647614290000,134.1212748806120000,-44.1212748806118000,0.0059497558469578,-44.1153251247648000,#REF!
7.0,-60.0,-6,5/3/10,12:00:00 AM,2455319.7500000000000000,0.1033470225872690,41.0388360184415000,4077.9237717992500000,0.0167042882479786,1.6746797392350800,42.7135157576766000,4079.5984515384900000,1.0080388643449500,42.7124395673202000,23.4379471680103000,23.4386163370758000,40.2646423520324000,15.6531132476796000,0.0430319810586152,3.0913187291247700,92.8439664224881000,9:56:55 AM,3:45:32 AM,4:08:17 PM,742.7517313799050000,123.0913187291250000,-149.2271703177190000,142.0258581110450000,-52.0258581110451000,0.0045038259555003,-52.0213542850896000,#REF!
-71.0,-120.0,-13,11/4/03,12:00:00 AM,2452948.0416666700000000,0.0384131873146204,223.3707753977200000,1740.3673717114200000,0.0167070190378898,-1.6692055796789300,221.7015698180410000,1738.6981661317400000,0.9917653229681390,221.6921785552690000,23.4387915794078000,23.4404115240050000,-140.7437863254330000,-15.3422845803131000,0.0430387605772007,16.4684278095991000,147.4701132789110000,6:43:32 AM,###############################################################################################################################################################################################################################################################,4:33:25 PM,1179.7609062312900000,316.4684278095990000,-100.8828930476000000,78.9951294769564000,11.0048705230436000,0.0804316965011430,11.0853022195448000,#REF!
89.0,121.0,-12,1/22/11,12:00:00 AM,2455584.0000000000000000,0.1105817932922660,301.4961514111210000,4338.3686460071600000,0.0167039839238256,0.6153692185825570,302.1115206297040000,4338.9840152257400000,0.9841764903108030,302.1106096504760000,23.4378530857178000,23.4379049013185000,-55.6281880030978000,-19.6885920680299000,0.0430292944833381,-11.5127282201261000,#NUM!,###############################################################################################################################################################################################################################################################,#NUM!,#NUM!,#NUM!,1192.4872717798700000,118.1218179449680000,110.1574851164740000,-20.1574851164735000,0.0157183825267491,-20.1417667339468000,297.8016716794930000
-4.0,-81.0,-13,3/19/06,12:00:00 AM,2453814.0416666700000000,0.0621229751311844,356.9413900227140000,2593.8972153187600000,0.0167060220475257,1.8496562010742100,358.7910462237880000,2595.7468715198300000,0.9956267876645710,358.7849491181060000,23.4384832530769000,23.4410339514651000,-1.1147991304668900,-0.4833228976770750,0.0430411113077820,-7.7761305118728800,90.8688657263589000,4:31:47 AM,###############################################################################################################################################################################################################################################################,10:35:15 AM,726.9509258108710000,448.2238694881270000,-67.9440326279682000,67.9650268106526000,22.0349731893474000,0.0395839800169845,22.0745571693644000,#REF!
72.0,-132.0,5,1/6/03,12:00:00 AM,2452645.2916666700000000,0.0301243440565780,284.9660369357400000,1441.9768865065300000,0.0167073675479717,0.0674499425782316,285.0334868783180000,1442.0443364491100000,0.9833039179451440,285.0234042195740000,23.4388993689853000,23.4399088695476000,-73.6943753270956000,-22.5935068704492000,0.0430368622457319,-5.3944825063707800,#NUM!,1:53:24 AM,#NUM!,#NUM!,#NUM!,606.6055174936290000,-28.3486206265927000,96.5632964250123000,-6.5632964250122800,0.0501500060900904,-6.5131464189221900,#REF!
-87.0,157.0,11,6/19/09,12:00:00 AM,2455001.0416666700000000,0.0946212639744425,86.9048080821799000,3763.8047489432200000,0.0167046552715579,0.5233892447205130,87.4281973269004000,3764.3281381879400000,1.0160639916035100,87.4265596873509000,23.4380606393835000,23.4394183543614000,87.1954572023595000,23.4143684360540000,0.0430350098032874,-1.1664548276249400,#NUM!,12:33:10 PM,#NUM!,#NUM!,#NUM!,1406.8335451723800000,171.7083862930940000,116.3822560631740000,-26.3822560631736000,0.0116326337521429,-26.3706234294215000,188.4949110355250000
9.0,-113.0,-4,1/24/11,12:00:00 AM,2455585.6666666700000000,0.1106274241387140,303.1388970143030000,4340.0113131416600000,0.0167039820043628,0.6681057440161420,303.8070027583190000,4340.6794188856800000,0.9843389811760470,303.8060919224510000,23.4378524923258000,23.4379003653468000,-53.8776172136265000,-19.2994057806339000,0.0430292773545643,-11.9468636882367000,87.7151327264028000,3:43:57 PM,9:53:05 AM,9:34:48 PM,701.7210618112220000,1216.0531363117600000,124.0132840779410000,124.9703514796910000,-34.9703514796910000,0.0082494962751944,-34.9621019834158000,252.6881003165270000
57.0,60.0,-3,2/19/00,12:00:00 AM,2451593.6250000000000000,0.0013312799452430,328.3935628885250000,405.4539236985980000,0.0167085780367604,1.3846963367204600,329.7782592252460000,406.8386200353190000,0.9884245476501850,329.7685362515380000,23.4392737989245000,23.4378996264351000,-28.1319746873619000,-11.5525954047049000,0.0430292745642800,-13.9590807868351000,73.2906759818551000,5:13:58 AM,12:20:48 AM,10:07:07 AM,586.3254078548410000,406.0409192131650000,-78.4897701967088000,93.5248367560153000,-3.5248367560153500,0.0936722731923441,-3.4311644828230000,#REF!
-39.0,146.0,6,9/20/05,12:00:00 AM,2453633.2500000000000000,0.0571731690622861,178.7445608541300000,2415.7088978095000000,0.0167062301973388,-1.8453118825996400,176.8992489715310000,2413.8635859269000000,1.0043853638328500,176.8923654414770000,23.4385476212502000,23.4410265337259000,177.1483961754350000,1.2357221555253800,0.0430410832926924,6.3306175414931200,90.0712590539568000,8:09:40 AM,2:09:23 AM,2:09:57 PM,720.5700724316540000,230.3306175414930000,-122.4173456146270000,115.4732167641630000,-25.4732167641626000,0.0121116236764977,-25.4611051404861000,#REF!
22.0,-180.0,10,9/3/04,12:00:00 AM,2453251.0833333300000000,0.0467100159708005,162.0629943819430000,2039.0453236442000000,0.0167066701746213,-1.6241014808483400,160.4388929010940000,2037.4212221633600000,1.0087968924428000,160.4304819866470000,23.4386836859722000,23.4407884643345000,161.9364146787970000,7.6570694023080600,0.0430401841647688,0.4596986690633190,94.0219796884963000,9:59:32 AM,3:43:27 AM,4:15:38 PM,752.1758375079710000,120.4596986690630000,-149.8850753327340000,138.1563384195760000,-48.1563384195763000,0.0051668927911387,-48.1511715267852000,#REF!
53.0,128.0,11,1/6/04,12:00:00 AM,2453010.0416666700000000,0.0401106548026423,284.4809117683180000,1801.4745891578700000,0.0167069476645609,0.0503153452049573,284.5312271135230000,1801.5249045030700000,0.9832997756414160,284.5220151528260000,23.4387695052398000,23.4405003156944000,-74.2341956040647000,-22.6491701558058000,0.0430390959137789,-5.1722145312420400,58.1595032876082000,2:33:10 PM,10:40:32 AM,6:25:49 PM,465.2760263008660000,1286.8277854687600000,141.7069463671900000,138.0264359490980000,-48.0264359490982000,0.0051905127362694,-48.0212454363620000,301.2269699225370000
-43.0,-136.0,5,9/12/10,12:00:00 AM,2455451.2916666700000000,0.1069484371435050,170.6925327495290000,4207.5712754079200000,0.0167041367593572,-1.7550893970508100,168.9374433524780000,4205.8161860108600000,1.0066103306608300,168.9364846353190000,23.4379003345513000,23.4382648975584000,169.8294630429640000,4.3775938937379800,0.0430306539158877,3.4242088424438900,87.0508398051749000,2:00:35 AM,8:12:22 PM,7:48:47 AM,696.4067184413990000,599.4242088424440000,-30.1439477893890000,54.6514637004081000,35.3485362995919000,0.0226985236589605,35.3712348232508000,#REF!
-63.0,12.0,-10,5/20/15,12:00:00 AM,2457162.9166666700000000,0.1538101756787550,57.7511992956825000,5894.5493557370500000,0.0167021652842309,1.3441304803084000,59.0953297759909000,5895.8934862173600000,1.0118572007499300,59.0902678433126000,23.4372909359069000,23.4347531308127000,56.8737659769689000,19.9513160315623000,0.0430173936310747,3.4850890196092800,47.2831052874477000,1:08:31 AM,###############################################################################################################################################################################################################################################################,4:17:39 AM,378.2648422995810000,651.4850890196090000,-17.1287277450977000,84.0428498299800000,5.9571501700200000,0.1394812174793750,6.0966313874993800,#REF!
26.0,3.0,1,1/13/15,12:00:00 AM,2457035.4583333300000000,0.1503205566963310,292.1222291932650000,5768.9263866589700000,0.0167023121118108,0.3032223556815910,292.4254515489460000,5769.2296090146500000,0.9835078652628790,292.4209421718700000,23.4373363155457000,23.4348556308563000,-65.7869454297121000,-21.5702792599695000,0.0430177806356262,-8.3764056212104200,79.8968294037335000,12:56:23 PM,7:36:47 AM,6:15:58 PM,639.1746352298680000,1383.6235943787900000,165.9058985946970000,166.3733034749900000,-76.3733034749901000,0.0013987560691962,-76.3719047189209000,286.0064166115210000
83.0,-28.0,1,7/12/06,12:00:00 AM,2453928.4583333300000000,0.0652555327401366,109.7158756027980000,2706.6663141584200000,0.0167058903136456,-0.2177134235412870,109.4981621792570000,2706.4486007348800000,1.0165976473776800,109.4925700382460000,23.4384425167295000,23.4410019801907000,111.0973017083760000,22.0245781573356000,0.0430409905597253,-5.5440713005986600,#NUM!,2:57:33 PM,#NUM!,#NUM!,#NUM!,1262.4559286994000000,135.6139821748500000,73.0539128552985000,16.9460871447015000,0.0522878874890510,16.9983750321906000,317.3220983426640000
-54.0,7.0,-13,8/19/15,12:00:00 AM,2457254.0416666700000000,0.1563050422085290,147.5683152252370000,5984.3621812903100000,0.0167020603094993,-1.3183857471954500,146.2499294780410000,5983.0437955431200000,1.0120758649972800,146.2444667127810000,23.4372584922105000,23.4347013865483000,148.4837332062400000,12.7668492086233000,0.0430171982634265,-3.6848154296509000,73.3509718926557000,###############################################################################################################################################################################################################################################################,###############################################################################################################################################################################################################################################################,3:29:05 AM,586.8077751412460000,804.3151845703490000,21.0787961425873000,69.1381828406006000,20.8618171593994000,0.0419999022122924,20.9038170616117000,337.9529166120470000
-25.0,-47.0,4,12/17/13,12:00:00 AM,2456643.3333333300000000,0.1395847592972890,265.6252571451810000,5382.4478766659800000,0.0167027638068627,-0.5889089211509370,265.0363482240300000,5381.8589677448300000,0.9841018594563330,265.0334042976740000,23.4374759258135000,23.4353805404184000,-95.4105874248631000,-23.3421622491709000,0.0430197625412906,4.1146672808313300,102.6327844547960000,7:03:53 PM,12:13:21 PM,1:54:25 AM,821.0622756383640000,1016.1146672808300000,74.0286668202078000,66.6456526630540000,23.3543473369460000,0.0371365140387216,23.3914838509848000,254.0470561185760000
-21.0,-25.0,5,9/15/06,12:00:00 AM,2453993.2916666700000000,0.0670305726671187,173.6186795243380000,2770.5660657205200000,0.0167058156665413,-1.7925207237245000,171.8261588006130000,2768.7735449967900000,1.0058054716611500,171.8208526706830000,23.4384194337877000,23.4409711653282000,172.4878252116690000,3.2443919196826700,0.0430408741793405,4.4770277173504400,89.6469242814072000,6:35:31 PM,12:36:56 PM,12:34:07 AM,717.1753942512570000,1044.4770277173500000,81.1192569293376000,82.8994081936476000,7.1005918063524000,0.1202966020465460,7.2208884083989400,276.2523047142480000
3.0,121.0,4,7/13/18,12:00:00 AM,2458312.3333333300000000,0.1852794889345240,110.6707057602260000,7027.4147445831400000,0.0167008410567041,-0.2419627798455650,110.4287429803810000,7027.1727818032900000,1.0165667555445900,110.4192197087000000,23.4368817033342000,23.4353523465081000,112.0848069610090000,21.8836946837180000,0.0430196560880388,-5.6916435008752300,92.1054622279154000,8:01:41 AM,1:53:16 AM,2:10:07 PM,736.8436978233230000,238.3083564991250000,-120.4229108752190000,116.7269621078090000,-26.7269621078093000,0.0114589313600886,-26.7155031764492000,#REF!
-38.0,66.0,12,8/14/08,12:00:00 AM,2454692.0000000000000000,0.0861601642710472,142.2987046877880000,3459.2131954470900000,0.0167050111446077,-1.1908418340473700,141.1078628537410000,3458.0223536130400000,1.0130534549956000,141.1053467626180000,23.4381706690804000,23.4400848697558000,143.4923063304170000,14.4638107020186000,0.0430375269252887,-4.7840639730786300,79.4860542696851000,7:40:47 PM,2:22:50 PM,12:58:44 AM,635.8884341574810000,979.2159360269210000,64.8039840067303000,80.1503250901950000,9.8496749098050500,0.0893899256935393,9.9390648354985900,297.2163533594490000
76.0,177.0,-3,1/21/03,12:00:00 AM,2452660.6250000000000000,0.0305441478439425,300.0792964661340000,1457.0894241558900000,0.0167073498974530,0.5740445031219830,300.6533409692560000,1457.6634686590100000,0.9840560211130640,300.6432854626190000,23.4388939097833000,23.4399366466870000,-57.1495266438452000,-20.0133655714215000,0.0430369671480608,-11.1304903735700000,#NUM!,###############################################################################################################################################################################################################################################################,#NUM!,#NUM!,#NUM!,876.8695096264300000,39.2173774066075000,98.9725969000407000,-8.9725969000407300,0.0365434563566544,-8.9360534436840700,216.9733494318530000
-70.0,-2.0,-6,3/12/11,12:00:00 AM,2455632.7500000000000000,0.1119164955509920,349.5464603091700000,4386.4166596956000000,0.0167039277793208,1.7687564688822500,351.3152167780520000,4388.1854161644800000,0.9935547547614280,351.3143053065510000,23.4378357290034000,23.4377722123269000,-7.9786950239771100,-3.4436155760971000,0.0430287934235951,-9.8891921040705900,102.0000522483360000,6:17:53 AM,###############################################################################################################################################################################################################################################################,1:05:53 PM,816.0004179866850000,342.1108078959290000,-94.4722980260177000,88.2910584563717000,1.7089415436282600,0.3037873613751330,2.0127289050033900,#REF!
-36.0,-9.0,4,7/20/00,12:00:00 AM,2451745.3333333300000000,0.0054848277435589,117.9244811621830000,554.9776997677400000,0.0167084034304846,-0.4850301729816680,117.4394509892020000,554.4926695947580000,1.0161599994759100,117.4294090109300000,23.4392197854921000,23.4381609526306000,119.4958048392980000,20.6735280241682000,0.0430302613924062,-6.3233950993884200,75.2295455772296000,4:42:19 PM,11:41:24 AM,9:43:14 PM,601.8363646178370000,1157.6766049006100000,109.4191512251530000,117.3336900862530000,-27.3336900862532000,0.0111630600761335,-27.3225270261771000,276.6436702096440000
-31.0,-31.0,5,3/15/06,12:00:00 AM,2453809.2916666700000000,0.0619929272187957,352.2595650570400000,2589.2156139830500000,0.0167060275163948,1.8028525563627000,354.0624176134020000,2591.0184665394100000,0.9943189372271690,354.0562996036000000,23.4384849442435000,23.4410346608904000,-5.4562585841817900,-2.3608637015842700,0.0430411139871182,-9.1420140967194200,92.3926456646154000,7:13:09 PM,1:03:34 PM,1:22:43 AM,739.1411653169230000,1006.8579859032800000,71.7144964758201000,73.1464779567953000,16.8535220432047000,0.0525846158361333,16.9061066590409000,277.5741429815890000
46.0,163.0,12,9/11/07,12:00:00 AM,2454354.0000000000000000,0.0769062286105407,169.1498964947340000,3126.0803004560200000,0.0167054003434921,-1.7349220935684900,167.4149744011660000,3124.3453783624500000,1.0070051366001800,167.4112062543090000,23.4382910089563000,23.4406349775703000,168.4208644943680000,4.9738553975508800,0.0430396044894416,2.8791241825895200,96.3803749513298000,1:05:07 PM,6:39:36 AM,7:30:39 PM,771.0429996106390000,1374.8791241825900000,163.7197810456470000,127.0079273327280000,-37.0079273327277000,0.0076548448090298,-37.0002724879186000,339.5290444231760000
-16.0,-171.0,-6,11/7/18,12:00:00 AM,2458429.7500000000000000,0.1884941820670770,226.4021336636790000,7143.1406441441600000,0.0167007057684103,-1.6207292318373100,224.7814044318410000,7141.5199149123300000,0.9910690370605950,224.7715944316280000,23.4368398989016000,23.4355418861029000,-137.6908506028510000,-16.2664800351330000,0.0430203717455448,16.3784013000548000,95.7059322529127000,5:07:37 PM,10:44:48 AM,11:30:27 PM,765.6474580233010000,1132.3784013000500000,103.0946003250140000,97.5769459565050000,-7.5769459565050000,0.0433772693973571,-7.5335686871076400,250.6035640569470000
-85.0,-143.0,-3,6/4/17,12:00:00 AM,2457908.6250000000000000,0.1742265571526350,72.7566515289618000,6629.5196981257300000,0.0167013061922520,0.9535655253718810,73.7102170543337000,6630.4732636511000000,1.0144645236961000,73.7019984383962000,23.4370254376127000,23.4348529643873000,72.3245494178366000,22.4405306992487000,0.0430177705679418,1.6916106381867400,#NUM!,6:30:19 PM,#NUM!,#NUM!,#NUM!,1049.6916106381900000,82.4229026595467000,111.6940087252060000,-21.6940087252060000,0.0145037841856725,-21.6795049410203000,279.5827513744470000
86.0,71.0,-10,8/24/11,12:00:00 AM,2455797.9166666700000000,0.1164385124344010,152.3425496092400000,4549.2049727349500000,0.0167037375564634,-1.4294164682185200,150.9131331410220000,4547.7755562667300000,1.0110718122885700,150.9121480692470000,23.4377769238620000,23.4373249977506000,152.9594702071020000,11.1491747989830000,0.0430271046766099,-2.4767568032981700,#NUM!,###############################################################################################################################################################################################################################################################,#NUM!,#NUM!,#NUM!,881.5232431967020000,40.3808107991755000,75.8165361127995000,14.1834638872005000,0.0626764039974984,14.2461402911980000,220.9669566395480000
18.0,-59.0,7,1/18/00,12:00:00 AM,2451561.2083333300000000,0.0004437599817519,296.4421609628750000,373.5040478997460000,0.0167086153456367,0.4563528536790980,296.8985138165540000,373.9604007534250000,0.9837699241055260,296.8888695138410000,23.4392853403823000,23.4378470829824000,-61.0712007071085000,-20.7781855076458000,0.0430290761495354,-9.9855550447236800,83.8613805031379000,11:05:59 PM,5:30:32 PM,4:41:26 AM,670.8910440251030000,774.0144449552760000,13.5036112388191000,40.9750923990558000,49.0249076009442000,0.0140042818575046,49.0389118828017000,199.4473678726910000
12.0,146.0,-2,7/17/12,12:00:00 AM,2456125.5833333300000000,0.1254095368469130,115.3063352812020000,4872.1533313803000000,0.0167033601666187,-0.3948986833640910,114.9114365978380000,4871.7584326969300000,1.0163421037615100,114.9099857736130000,23.4376602630081000,23.4364774296539000,116.8463999102560000,21.1451162456171000,0.0430239042351918,-6.1618943846344900,95.6324727906807000,12:22:10 AM,###############################################################################################################################################################################################################################################################,6:44:42 AM,765.0597823254450000,697.8381056153660000,-5.5404735961586200,10.5714235392310000,79.4285764607690000,0.0030118541096095,79.4315883148786000,#REF!
-65.0,-98.0,-6,9/3/09,12:00:00 AM,2455077.7500000000000000,0.0967214236824093,162.5121744567750000,3839.4085038255800000,0.0167045669362299,-1.6302222347113600,160.8819522220630000,3837.7782815908700000,1.0087063459319700,160.8804839793880000,23.4380333285198000,23.4392338978257000,162.3563798152680000,7.4862078322523100,0.0430343132098926,0.6019998593136690,75.6935101166308000,12:31:24 PM,7:28:37 AM,5:34:10 PM,605.5480809330470000,1408.6019998593100000,172.1504999648280000,122.2199231190090000,-32.2199231190089000,0.0091555426642414,-32.2107675763446000,189.2100601243280000
13.0,-4.0,11,9/23/03,12:00:00 AM,2452905.0416666700000000,0.0372359114761536,180.9879388836530000,1697.9865596109400000,0.0167070685383181,-1.8641218578507900,179.1238170258020000,1696.1224377530900000,1.0037440495197800,179.1143085098660000,23.4388068889111000,23.4403467972263000,179.1873901948510000,0.3523110029945390,0.0430385161266506,7.1387849536763900,90.9362774646669000,11:08:52 PM,5:05:07 PM,5:12:36 AM,727.4902197173350000,771.1387849536760000,12.7846962384191000,17.9028315063703000,72.0971684936297000,0.0052129444283409,72.1023814380580000,226.0419175034350000
17.0,73.0,10,9/23/11,12:00:00 AM,2455827.0833333300000000,0.1172370522473230,181.0905976709150000,4577.9516475902200000,0.0167037039646032,-1.8634830316051900,179.2271146393100000,4576.0881645586200000,1.0037531241342100,179.2261051143980000,23.4377665395031000,23.4372468613694000,179.2899475106890000,0.3078044942735210,0.0430268096260041,7.1704130388458900,90.9651949499929000,5:00:50 PM,10:56:58 AM,11:04:41 PM,727.7215595999430000,1139.1704130388500000,104.7926032597110000,104.0394805135710000,-14.0394805135710000,0.0230744594511103,-14.0164060541199000,274.7174267270950000
-79.0,-139.0,6,3/4/04,12:00:00 AM,2453068.2500000000000000,0.0417043121149897,341.8538018975660000,1858.8447388700500000,0.0167068806554687,1.6560012600514500,343.5098031576180000,1860.5007401301000000,0.9915646191667910,343.5007700671870000,23.4387487810371000,23.4405785128168000,-15.2032291717217000,-6.4868713035308600,0.0430393912393842,-11.8054624262920000,131.4248044498960000,3:27:48 AM,6:42:06 PM,12:13:30 PM,1051.3984355991700000,512.1945375737080000,-51.9513656065730000,76.8354596852448000,13.1645403147552000,0.0675150751976853,13.2320553899529000,#REF!
3.0,-43.0,11,11/27/12,12:00:00 AM,2456258.0416666700000000,0.1290360483686930,245.8635421424330000,5002.7043018883000000,0.0167032076020415,-1.1792654490619900,244.6842766933710000,5001.5250364392400000,0.9868177903124380,244.6825244439350000,23.4376131031853000,23.4361618785158000,-117.2759324541090000,-21.0711026313513000,0.0430227127379688,12.5513713105696000,89.7369592808034000,1:39:27 AM,7:40:30 PM,7:38:24 AM,717.8956742464270000,620.5513713105700000,-24.8621571723576000,34.2410809283113000,55.7589190716887000,0.0109787737720758,55.7698978454608000,#REF!
4.0,-13.0,0,12/2/16,12:00:00 AM,2457724.5000000000000000,0.1691854893908280,251.2743308138280000,6448.0460465192200000,0.0167015183229559,-1.0310753664037000,250.2432554474240000,6447.0149711528200000,0.9859100216191410,250.2357603150550000,23.4370909925572000,23.4347205570363000,-111.3863331759080000,-21.9795736700009000,0.0430172706442074,10.5997817572695000,89.2833589047347000,12:41:24 PM,6:44:16 AM,6:38:32 PM,714.2668712378780000,1398.5997817572700000,169.6499454393170000,159.4089517194460000,-69.4089517194462000,0.0021677716257344,-69.4067839478205000,208.2757189837310000
45.0,92.0,7,2/14/10,12:00:00 AM,2455241.2083333300000000,0.1011966689482130,323.6244494723330000,4000.5130830732000000,0.0167043786981224,1.2634346706646900,324.8878841429980000,4001.7765177438700000,0.9874214009665470,324.8867051838870000,23.4379751316056000,23.4388217493848000,-32.8275826895107000,-13.2261469470103000,0.0430327567683568,-14.2246357809262000,77.6484586208945000,1:06:13 PM,7:55:38 AM,6:16:49 PM,621.1876689671560000,1373.7753642190700000,163.4438410547680000,145.2447479424690000,-55.2447479424694000,0.0040035749296026,-55.2407443675398000,330.8827175945760000
-90.0,-74.0,-11,9/6/06,12:00:00 AM,2453984.9583333300000000,0.0668024184348662,165.4049515140160000,2762.3527300444800000,0.0167058252613295,-1.6792436483914700,163.7257078656250000,2760.6734863960800000,1.0079694196102400,163.7203650289180000,23.4384224007468000,23.4409756399852000,165.0008570851840000,6.4026363347795800,0.0430408910790420,1.5774881961626900,#NUM!,5:54:25 AM,#NUM!,#NUM!,#NUM!,365.5774881961630000,-88.6056279509593000,96.4026363347796000,-6.4026363347795900,0.0514193505428837,-6.3512169842367000,#REF!
73.0,-123.0,13,6/30/17,12:00:00 AM,2457933.9583333300000000,0.1749201460187130,97.7263847267004000,6654.4882385590200000,0.0167012770051746,0.1800794336974650,97.9064641603979000,6654.6683179927200000,1.0166276042141200,97.8981512712881000,23.4370164180598000,23.4348762448350000,98.5980358820156000,23.1994929132269000,0.0430178584670754,-3.5167664004335200,#NUM!,9:15:31 AM,#NUM!,#NUM!,#NUM!,164.4832335995670000,-138.8791916001080000,79.9632571538939000,10.0367428461061000,0.0878165443317109,10.1245593904378000,#REF!
44.0,-137.0,-3,10/7/10,12:00:00 AM,2455476.6250000000000000,0.1076420260095820,195.6622659189720000,4232.5398158555600000,0.0167041075841043,-1.9136858351660600,193.7485800838060000,4230.6261300203900000,0.9995395351964620,193.7476360061730000,23.4378913149937000,23.4381964558063000,-167.3486231054840000,-5.4240337089559900,0.0430303954615499,12.0323857686174000,85.9060589864363000,5:55:58 PM,12:12:21 PM,11:39:36 PM,687.2484718914910000,1084.0323857686200000,91.0080964421543000,94.4886949389517000,-4.4886949389517000,0.0735002098422872,-4.4151947291094100,266.7896919400800000
52.0,-7.0,-11,10/19/06,12:00:00 AM,2454027.9583333300000000,0.0679796942733330,207.7877880491910000,2804.7335421342600000,0.0167057757520809,-1.8609557425243700,205.9268323066660000,2802.8725863917300000,0.9960149914018640,205.9216786079470000,23.4384070912377000,23.4409509273776000,-155.9665302500450000,-10.0144631349838000,0.0430407977455215,15.0232774127070000,78.3435877555834000,1:12:59 AM,###############################################################################################################################################################################################################################################################,6:26:21 AM,626.7487020446670000,647.0232774127070000,-18.2441806468233000,63.9744774414437000,26.0255225585563000,0.0328860868220397,26.0584086453784000,#REF!
16.0,-37.0,-11,10/6/17,12:00:00 AM,2458032.9583333300000000,0.1776306182979740,195.3054736726950000,6752.0626663029100000,0.0167011629439796,-1.9136555747306500,193.3918180979650000,6750.1490107281800000,0.9996786676992240,193.3831510566120000,23.4369811705971000,23.4349782994746000,-167.6856801173840000,-5.2817972424833400,0.0430182437921857,11.9239781062458000,89.3513842702245000,3:16:05 AM,###############################################################################################################################################################################################################################################################,9:13:29 AM,714.8110741617960000,523.9239781062460000,-49.0190054734386000,52.9613624199588000,37.0386375800412000,0.0213418534511545,37.0599794334924000,#REF!
-10.0,-163.0,-8,5/28/03,12:00:00 AM,2452787.8333333300000000,0.0340269221994111,65.4618544753689000,1582.4659932925600000,0.0167072034635743,1.1472895613856800,66.6091440367546000,1583.6132828539400000,1.0133512819625200,66.5993470425051000,23.4388486191738000,23.4401584008362000,64.7478350215964000,21.4120611701480000,0.0430378046232303,2.8115169923993100,86.9453869415236000,2:49:11 PM,9:01:24 AM,8:36:58 PM,695.5630955321890000,1270.8115169924000000,137.7028792481000000,137.8632048473680000,-47.8632048473685000,0.0052203297477495,-47.8579845176207000,290.9561036544720000
34.0,-178.0,3,10/27/10,12:00:00 AM,2455496.3750000000000000,0.1081827515400410,215.1288013176000000,4252.0054214016800000,0.0167040848388391,-1.7884028483778900,213.3403984692220000,4250.2170185533100000,0.9939841713236050,213.3394640003110000,23.4378842832992000,23.4381429805596000,-148.8855188133690000,-12.6272622198194000,0.0430301935253191,16.0951748956947000,82.3491076349451000,2:35:54 AM,9:06:31 PM,8:05:18 AM,658.7928610795610000,564.0951748956950000,-38.9762062760763000,59.5578994993990000,30.4421005006010000,0.0273663590214026,30.4694668596224000,#REF!
82.0,43.0,3,11/12/15,12:00:00 AM,2457338.3750000000000000,0.1586139630390140,230.6912428197070000,6067.4811382708300000,0.0167019631572678,-1.5381361185451500,229.1531067011610000,6065.9430021522900000,0.9900162194776010,229.1472714795600000,23.4372284665866000,23.4346696483128000,-133.3053742472050000,-17.5068632067642000,0.0430170784315531,16.0024070151106000,#NUM!,11:52:00 AM,#NUM!,#NUM!,#NUM!,8.0024070151106300,-177.9993982462220000,115.5017273817360000,-25.5017273817362000,0.0120961180428014,-25.4896312636934000,#REF!
-80.0,-134.0,13,1/19/11,12:00:00 AM,2455579.9583333300000000,0.1104711384896230,297.5124933231940000,4334.3851782057700000,0.0167039885785207,0.4853451021204570,297.9978384253140000,4334.8705233078900000,0.9838383739830590,297.9969270513510000,23.4378545246932000,23.4379159005208000,-59.9098469216791000,-20.5611555388471000,0.0430293360186324,-10.3144187264348000,#NUM!,10:06:19 AM,#NUM!,#NUM!,#NUM!,113.6855812735650000,-151.5786046816090000,78.2944991507489000,11.7055008492511000,0.0757704619541733,11.7812713112053000,#REF!
-11.0,171.0,-12,9/24/13,12:00:00 AM,2456560.0000000000000000,0.1373032169746750,183.4879769397980000,5300.3145199525200000,0.0167028597960977,-1.8797799354082800,181.6081970043890000,5298.4347400171200000,1.0030810045641700,181.6055459713240000,23.4375055954076000,23.4355295802728000,-178.5268374614860000,-0.6384824494083640,0.0430203252813918,8.0221900706884000,90.9727740901296000,###############################################################################################################################################################################################################################################################,###############################################################################################################################################################################################################################################################,###############################################################################################################################################################################################################################################################,727.7821927210370000,1412.0221900706900000,173.0055475176720000,166.4424887549290000,-76.4424887549292000,0.0013913814378348,-76.4410973734913000,211.2940933121950000
-45.0,-76.0,-7,9/24/15,12:00:00 AM,2457289.7916666700000000,0.1572838238649280,182.8052084441720000,6019.5973913148000000,0.0167020191255661,-1.8750437504889400,180.9301646936830000,6017.7223475643100000,1.0032854013612300,180.9245440767670000,23.4372457639568000,23.4346860336589000,-179.1517061933550000,-0.3676809019331650,0.0430171402965551,7.7792757427217600,91.5458961575370000,9:56:13 AM,3:50:02 AM,4:02:24 PM,732.3671692602960000,123.7792757427220000,-149.0551810643200000,127.0067526785190000,-37.0067526785187000,0.0076551713137967,-36.9990975072049000,#REF!
-27.0,23.0,0,2/2/17,12:00:00 AM,2457786.5000000000000000,0.1708829568788500,312.3844673190360000,6509.1532638974400000,0.0167014468933769,0.9495777950865740,313.3340451141230000,6510.1028416925200000,0.9854829689443150,313.3262994641730000,23.4370689183866000,23.4347577401965000,-44.2085160849805000,-16.8168498398068000,0.0430174110344660,-13.6828530954133000,99.8485102117591000,10:41:41 AM,4:02:17 AM,5:21:05 PM,798.7880816940730000,78.3171469045867000,-160.4207132738530000,132.2402398979400000,-42.2402398979403000,0.0063544491896293,-42.2338854487507000,#REF!
-86.0,149.0,-3,9/11/07,12:00:00 AM,2454354.6250000000000000,0.0769233401779603,169.7659260956350000,3126.6963006317000000,0.0167053996238397,-1.7434481901110000,168.0224779055240000,3124.9528524415900000,1.0068428059890900,168.0187122864440000,23.4382907864343000,23.4406341601100000,168.9822573702770000,4.7368745376939300,0.0430396014021406,3.0970851097790700,12.6125540769866000,###############################################################################################################################################################################################################################################################,###############################################################################################################################################################################################################################################################,###############################################################################################################################################################################################################################################################,100.9004326158930000,779.0970851097790000,14.7742712774448000,90.8685767610769000,-0.8685767610768660,0.3805896465129510,-0.4879871145639150,345.2756037947150000
-77.0,-45.0,13,12/22/01,12:00:00 AM,2452264.9583333300000000,0.0197113848961941,270.0914907962260000,1067.1202461039200000,0.0167078053432853,-0.4356228979597600,269.6558678982660000,1066.6846232059600000,0.9837277802499530,269.6454048232230000,23.4390347809169000,23.4391725311014000,-90.3864860385948000,-23.4386968119390000,0.0430340814620443,1.8559029687279700,#NUM!,3:58:09 AM,#NUM!,#NUM!,#NUM!,481.8559029687280000,-59.5360242578180000,60.5139503693725000,29.4860496306275000,0.0284344653302891,29.5144840959578000,#REF!
-23.0,62.0,2,1/26/03,12:00:00 AM,2452665.4166666700000000,0.0306753365274883,304.8021900692030000,1461.8120921711000000,0.0167073443816567,0.7253962342666410,305.5275863034700000,1462.5374884053600000,0.9845292308932160,305.5175394619190000,23.4388922037827000,23.4399452844111000,-52.1187361654263000,-18.8913362174272000,0.0430369997690639,-12.3696589807549000,99.3201730068739000,10:04:22 AM,3:27:05 AM,4:41:39 PM,794.5613840549920000,115.6303410192450000,-151.0924147451890000,129.4864859968440000,-39.4864859968435000,0.0070029343678028,-39.4794830624757000,#REF!
58.0,-115.0,-12,11/24/09,12:00:00 AM,2455160.0000000000000000,0.0989733059548255,243.5816699639000000,3920.4741269297200000,0.0167044722180205,-1.2380732175141000,242.3435967463860000,3919.2360537122000000,0.9872314580634500,242.3422865537960000,23.4380040446278000,23.4390294362429000,-119.7351886070820000,-20.6294059878289000,0.0430335410752973,13.2687686237125000,55.0298505525440000,7:26:44 AM,3:46:37 AM,11:06:51 AM,440.2388044203520000,273.2687686237120000,-111.6828078440720000,118.8174167718020000,-28.8174167718016000,0.0104880378415260,-28.8069287339600000,#REF!
6.0,73.0,-11,10/18/05,12:00:00 AM,2453661.9583333300000000,0.0579591603924295,207.0408538464370000,2444.0038392169300000,0.0167061971451558,-1.8665991918040000,205.1742546546330000,2442.1372400251200000,0.9962226433933530,205.1674943395600000,23.4385374000770000,23.4410323981205000,-156.6794640943360000,-9.7397339482954300,0.0430411054411573,14.8792496283957000,89.8161443533602000,###############################################################################################################################################################################################################################################################,###############################################################################################################################################################################################################################################################,1:52:23 AM,718.5291548268810000,966.8792496283960000,61.7198124070989000,63.4669879878687000,26.5330120121313000,0.0321675119642849,26.5651795240955000,255.9594554800500000
-69.0,-44.0,10,5/16/16,12:00:00 AM,2457524.0833333300000000,0.1636983801049550,53.7341718272419000,6250.5153236710900000,0.0167017492159954,1.4353614287495900,55.1695332559915000,6251.9506850998400000,1.0110099595953200,55.1628841524017000,23.4371623479106000,23.4346544102775000,52.8179113453938000,19.0520109424562000,0.0430170208984154,3.6342106452588000,31.0484271766625000,12:52:22 AM,10:48:10 PM,2:56:34 AM,248.3874174133000000,667.6342106452590000,-13.0914473386853000,88.5566575270461000,1.4433424729539200,0.3241930686800700,1.7675355416339900,#REF!
48.0,96.0,11,5/10/07,12:00:00 AM,2454230.0416666700000000,0.0735124344056540,46.9706923194381000,3003.9069322788600000,0.0167055430730982,1.5702728391114300,48.5409651585495000,3005.4772051179700000,1.0095096908716000,48.5366841033255000,23.4383351424764000,23.4407814063742000,46.0779039006920000,17.3437637974583000,0.0430401575087919,3.5511882304813800,111.6915561439570000,4:32:27 PM,9:05:41 AM,11:59:13 PM,893.5324491516590000,1167.5511882304800000,111.8877970576200000,90.9493993463402000,-0.9493993463402430,0.3481847667559090,-0.6012145795843340,297.6439307026870000
26.0,97.0,10,11/15/04,12:00:00 AM,2453324.0833333300000000,0.0487086470454069,234.0152517317570000,2110.9941441808100000,0.0167065861340043,-1.4648700380941800,232.5503816936620000,2109.5292741427100000,0.9892034299582290,232.5422419182450000,23.4386576954162000,23.4408559265870000,-129.8643777745640000,-18.4076767484343000,0.0430404389516144,15.5177467615962000,81.6469536642644000,3:16:29 PM,9:49:54 AM,8:43:04 PM,653.1756293141150000,1243.5177467616000000,130.8794366903990000,134.1518781571240000,-44.1518781571237000,0.0059434004939135,-44.1459347566297000,269.0738922778550000
-44.0,-27.0,-7,2/11/07,12:00:00 AM,2454142.7916666700000000,0.0711236595938812,320.9729600403490000,2917.9133077514700000,0.0167056435338002,1.1958939569856500,322.1688539973350000,2919.1092017084500000,0.9869287154222960,322.1642004381300000,23.4383662065400000,23.4408653033351000,-35.4729949460328000,-14.1234667529478000,0.0430404743651433,-14.2634028132766000,105.2971480421950000,7:02:16 AM,12:01:04 AM,2:03:27 PM,842.3771843375600000,297.7365971867230000,-105.5658507033190000,91.0137116389342000,-1.0137116389342300,0.3260909108722370,-0.6876207280619880,#REF!
29.0,-57.0,6,9/26/12,12:00:00 AM,2456196.2500000000000000,0.1273442847364820,184.9587488809270000,4941.8024178802000000,0.0167032787736635,-1.8885293109780700,183.0702195699490000,4939.9138885692300000,1.0026549977048800,183.0686155653760000,23.4376351031906000,23.4363066171770000,-177.1841109769370000,-1.2199873169899800,0.0430232592579854,8.5393647399128900,90.2762451633613000,9:39:28 PM,3:38:21 PM,3:40:34 AM,722.2099613068900000,860.5393647399130000,35.1348411849782000,45.1882584241547000,44.8117415758453000,0.0162254880358976,44.8279670638812000,234.1975395513020000
-11.0,117.0,0,7/20/08,12:00:00 AM,2454667.5000000000000000,0.0854893908281999,118.1503443288540000,3435.0659885625300000,0.0167050393564989,-0.4877310469785800,117.6626132818750000,3434.5782575155500000,1.0161502809970400,117.6600154529040000,23.4381793919414000,23.4401315885220000,119.7378057924010000,20.6299088077240000,0.0430377033635630,-6.3567870363890100,86.7120746484579000,4:18:21 AM,###############################################################################################################################################################################################################################################################,10:05:12 AM,693.6965971876630000,461.6432129636110000,-64.5891967590972000,70.9142253017676000,19.0857746982324000,0.0461791835990888,19.1319538818315000,#REF!
-19.0,30.0,-2,10/21/14,12:00:00 AM,2456951.5833333300000000,0.1480241843486240,209.4510566517600000,5686.2591631346000000,0.0167024087312187,-1.8478919961778100,207.6031646555820000,5684.4112711384200000,0.9955835036938550,207.5990104328130000,23.4373661779896000,23.4349419090102000,-154.3755911480910000,-10.6174220621117000,0.0430181063934192,15.3205567858738000,94.5995524281416000,7:44:41 AM,1:26:17 AM,2:03:05 PM,756.7964194251330000,255.3205567858740000,-116.1698608035320000,110.4799910057920000,-20.4799910057917000,0.0154490110133625,-20.4645419947783000,#REF!
67.0,129.0,-10,6/25/08,12:00:00 AM,2454642.9166666700000000,0.0848163358430256,93.9198466899084000,3410.8366483209200000,0.0167050676642343,0.2986844064766450,94.2185310963850000,3411.1353327274000000,1.0164998237435000,94.2158496581453000,23.4381881444720000,23.4401774601734000,94.5934959093819000,23.3729770374004000,0.0430378766030015,-2.7009923700073400,#NUM!,###############################################################################################################################################################################################################################################################,#NUM!,#NUM!,#NUM!,1113.2990076299900000,98.3247519074981000,71.7448753847848000,18.2551246152152000,0.0483923137431120,18.3035169289583000,286.9804293997590000
13.0,72.0,-11,3/11/12,12:00:00 AM,2455997.9583333300000000,0.1219153547798350,349.5130906782140000,4746.3660955579900000,0.0167035071610442,1.7680597550645800,351.2811504332790000,4748.1341553130500000,0.9935412261550110,351.2799300580160000,23.4377057019950000,23.4367982625039000,-8.0104069776309000,-3.4570198247445000,0.0430251156940704,-9.8970161904815100,90.0573538327185000,###############################################################################################################################################################################################################################################################,###############################################################################################################################################################################################################################################################,2:22:08 AM,720.4588306617480000,938.1029838095180000,54.5257459523796000,56.5733078624511000,33.4266921375489000,0.0243836872989524,33.4510758248479000,256.9068396052960000
33.0,-81.0,-6,8/30/18,12:00:00 AM,2458360.7500000000000000,0.1866050650239560,158.3924655974920000,7075.1342248140600000,0.0167007852710038,-1.5515160446307400,156.8409495528620000,7073.5827087694300000,1.0097332203504000,156.8313023800820000,23.4368644653102000,23.4354284738540000,158.5624664444670000,9.0024668349341400,0.0430199435264489,-0.7273410284614690,96.9172424744480000,11:24:44 AM,4:57:04 AM,5:52:24 PM,775.3379397955840000,35.2726589715385000,-171.1818352571150000,137.1658614031610000,-47.1658614031613000,0.0053494680741360,-47.1605119350872000,#REF!
-35.0,99.0,5,3/29/15,12:00:00 AM,2457110.2916666700000000,0.1523693817020260,5.8815068332833100,5842.6821409790900000,0.0167022259067799,1.9030586050290100,7.7845654383123200,5844.5851995841200000,0.9981488574161460,7.7797331410315300,23.4373096722532000,23.4347912218193000,7.1449335920442100,3.0860328630420800,0.0430175374492612,-5.0487641432455400,88.8553145478883000,10:29:03 AM,4:33:38 AM,4:24:28 PM,710.8425163831060000,90.9512358567545000,-157.2621910358110000,141.7459636987400000,-51.7459636987402000,0.0045493603573653,-51.7414143383829000,#REF!
38.0,-17.0,6,4/27/08,12:00:00 AM,2454583.2500000000000000,0.0831827515400411,35.1095541170494000,3352.0291648870100000,0.0167051363699893,1.7604369813157400,36.8699910983651000,3353.7896018683200000,1.0065042905660900,36.8671003587245000,23.4382093879021000,23.4402844886089000,34.5293866889987000,13.8074837125475000,0.0430382808093648,2.3107521824360900,102.1814558235020000,7:05:41 PM,12:16:58 PM,1:54:25 AM,817.4516465880180000,1014.3107521824400000,73.5776880456090000,68.6983106720123000,21.3016893279877000,0.0410651518470157,21.3427544798347000,271.1709792038360000
79.0,-9.0,-5,1/10/10,12:00:00 AM,2455206.7083333300000000,0.1002521104266530,289.6196154889730000,3966.5098733829400000,0.0167044184286375,0.2216106293074600,289.8412261182800000,3966.7314840122500000,0.9834079651119190,289.8399944703370000,23.4379874148187000,23.4389106231443000,-68.5322256909986000,-21.9724669606408000,0.0430330923895433,-7.3904775531425000,#NUM!,7:43:23 AM,#NUM!,#NUM!,#NUM!,256.6095224468580000,-115.8476193882860000,116.3870581260990000,-26.3870581260990000,0.0116301850153580,-26.3754279410837000,#REF!
1.0,-138.0,1,12/11/05,12:00:00 AM,2453715.4583333300000000,0.0594239105635452,259.7729876673570000,2496.7334542627800000,0.0167061355496685,-0.7709494745285820,259.0020381928280000,2495.9625047882500000,0.9846980263060970,258.9955094408920000,23.4385183522011000,23.4410386327248000,-101.9669775681780000,-22.9850162051157000,0.0430411289878249,6.9129376549159700,90.4807400852729000,10:05:05 PM,4:03:10 PM,4:07:01 AM,723.8459206821830000,834.9129376549160000,28.7282344137290000,36.8363669869409000,53.1636330130591000,0.0120812480922967,53.1757142611513000,227.5670708782050000
1.0,90.0,9,1/28/15,12:00:00 AM,2457050.1250000000000000,0.1507221081451060,306.5783905121730000,5783.3818574388700000,0.0167022952164765,0.7743617899716270,307.3527523021440000,5784.1562192288400000,0.9847152596534700,307.3481800322010000,23.4373310936977000,23.4348420662238000,-50.2485919225847000,-18.4309607954953000,0.0430177294201786,-12.7258274656826000,90.5448599133339000,3:12:44 PM,9:10:33 AM,9:14:54 PM,724.3588793066710000,1247.2741725343200000,131.8185431335790000,129.6423387593490000,-39.6423387593489000,0.0069642473836000,-39.6353745119653000,246.6605385860730000
25.0,26.0,5,5/3/08,12:00:00 AM,2454589.2916666700000000,0.0833481633584261,41.0645069262409000,3357.9838332513700000,0.0167051294130826,1.6738000383080300,42.7383069645490000,3359.6576332896800000,1.0080545038624700,42.7354378162130000,23.4382072368565000,23.4402739340849000,40.2870459419548000,15.6611643942483000,0.0430382409487847,3.0972801858361000,98.4758005639335000,3:12:54 PM,8:39:00 AM,9:46:48 PM,787.8064045114680000,1247.0972801858400000,131.7743200464590000,117.8579057097580000,-27.8579057097578000,0.0109170209733692,-27.8469886887845000,305.6869775014230000
84.0,28.0,-8,10/25/17,12:00:00 AM,2458051.8333333300000000,0.1781473876340450,213.9095676515410000,6770.6658715922100000,0.0167011411972525,-1.8036586385263100,212.1059090130140000,6768.8622129536800000,0.9943532100350690,212.0971771897250000,23.4369744504371000,23.4349996963013000,-150.0799557494530000,-12.2000177455706000,0.0430183245798775,15.9639764650618000,#NUM!,1:52:02 AM,#NUM!,#NUM!,#NUM!,607.9639764650620000,-28.0090058837345000,96.8901511918261000,-6.8901511918261300,0.0477495287109490,-6.8424016631151900,#REF!
15.0,94.0,-12,8/3/09,12:00:00 AM,2455047.0000000000000000,0.0958795345653662,132.2035180825600000,3809.1012951874600000,0.0167046023472669,-0.9142563518552430,131.2892617307040000,3808.1870388356100000,1.0146614524977400,131.2877280837390000,23.4380442766010000,23.4393086100684000,133.7449212445850000,17.3910749349892000,0.0430345953572231,-6.1697873468154500,95.7216802032936000,###############################################################################################################################################################################################################################################################,###############################################################################################################################################################################################################################################################,12:13:03 AM,765.7734416263480000,1089.8302126531800000,92.4575531632962000,87.8317446042415000,2.1682553957585200,0.2730181545244280,2.4412735502829500,287.4283386856110000
26.0,-142.0,-9,8/28/04,12:00:00 AM,2453245.8750000000000000,0.0465674195756331,156.9294143769010000,2033.9119888454500000,0.0167066761706312,-1.5280954469013800,155.4013189300000000,2032.3838933985400000,1.0100213124272000,155.3928891294970000,23.4386855403212000,23.4407832797746000,157.2083857513140000,9.5345213656962700,0.0430401645841096,-1.1572470229791800,95.6425656404144000,12:29:09 PM,6:06:35 AM,6:51:44 PM,765.1405251233150000,1410.8427529770200000,172.7106882442550000,143.7652438368880000,-53.7652438368885000,0.0042283790310669,-53.7610154578574000,347.7787952142500000
-90.0,13.0,5,1/6/04,12:00:00 AM,2453010.2916666700000000,0.0401174994296102,284.7273236085260000,1801.7209892282200000,0.0167069473767638,0.0587204096034564,284.7860440181300000,1801.7797096378200000,0.9833018479007850,284.7768328042360000,23.4387694162310000,23.4405006624631000,-73.9597570802952000,-22.6213953216366000,0.0430390972234111,-5.2841848760971900,#NUM!,4:13:17 PM,#NUM!,#NUM!,#NUM!,1186.7158151239000000,116.6789537809760000,67.3786046783634000,22.6213953216366000,0.0384635816091894,22.6598589032458000,270.0000000000000000
14.0,73.0,-13,6/22/09,12:00:00 AM,2455005.0416666700000000,0.0947307780059278,90.8473975291245000,3767.7471500669300000,0.0167046506652893,0.3981161380263110,91.2455136671508000,3768.1452662049500000,1.0163374296884700,91.2438853718540000,23.4380592152429000,23.4394088976382000,91.3557210584009000,23.4335552561466000,0.0430349740901677,-2.0358744904652000,97.1459508520318000,###############################################################################################################################################################################################################################################################,###############################################################################################################################################################################################################################################################,12:38:37 AM,777.1676068162540000,1069.9641255095300000,87.4910313773837000,82.2309176453445000,7.7690823546555100,0.1111402284287390,7.8802225830842500,292.3114006116320000
73.0,118.0,-8,3/26/01,12:00:00 AM,2451994.8333333300000000,0.0123157654574535,3.8434975600363300,800.8849700394000000,0.0167081162629499,1.8963637529507000,5.7398613129870200,802.7813337923510000,0.9976273554042380,5.7294826657864700,23.4391309548206000,23.4386328543333000,5.2594931107506900,2.2757989949827300,0.0430320434333587,-5.6788757556469500,100.3552647817810000,###############################################################################################################################################################################################################################################################,###############################################################################################################################################################################################################################################################,2:55:06 AM,802.8421182542500000,946.3211242443530000,56.5802810610883000,78.5287271028103000,11.4712728971897000,0.0772718909016724,11.5485447880914000,238.3205068392130000
-13.0,173.0,6,10/4/10,12:00:00 AM,2455473.2500000000000000,0.1075496235455170,192.3357060723870000,4229.2134149077900000,0.0167041114709461,-1.9130660635138000,190.4226400088740000,4227.3003488442800000,1.0005091607821200,190.4216941309560000,23.4378925166124000,23.4382055842377000,-170.4215786577620000,-4.1260757727824900,0.0430304299328969,11.0104637419329000,91.8116342991604000,6:16:59 AM,12:09:45 AM,12:24:14 PM,734.4930743932830000,343.0104637419330000,-94.2473840645168000,93.1983154831421000,-3.1983154831420700,0.1032584804562510,-3.0950570026858200,#REF!
-15.0,32.0,7,3/11/07,12:00:00 AM,2454170.2083333300000000,0.0718742870180284,347.9961251977040000,2944.9351821259000000,0.0167056119660754,1.7492536783468100,349.7453788760510000,2946.6844358042500000,0.9931552006745620,349.7408432102270000,23.4383564452440000,23.4408406761159000,-9.4283463230293100,-4.0627439383949800,0.0430403813546015,-10.3076653493140000,91.9553438481034000,5:02:18 PM,10:54:29 AM,11:10:08 PM,735.6427507848270000,1137.6923346506900000,104.4230836626720000,102.8060385461710000,-12.8060385461708000,0.0253843662637293,-12.7806541799071000,262.1762991672860000
83.0,22.0,-11,1/29/09,12:00:00 AM,2454860.9583333300000000,0.0907859913301434,308.8320401638730000,3625.7385762545300000,0.0167048165850089,0.8471723333639990,309.6792124972370000,3626.5857485878900000,0.9850073920034100,309.6772136447260000,23.4381105139749000,23.4397370651010000,-47.8814902929059000,-17.8277304765125000,0.0430362134171802,-13.1728708591667000,#NUM!,###############################################################################################################################################################################################################################################################,#NUM!,#NUM!,#NUM!,734.8271291408330000,3.7067822852083300,100.8418892246690000,-10.8418892246694000,0.0301277137109232,-10.8117615109585000,183.5927693445320000
79.0,54.0,-4,5/28/13,12:00:00 AM,2456440.6666666700000000,0.1340360483686930,65.8673916912512000,5182.6995531361300000,0.0167029972503853,1.1408530191847200,67.0082447104359000,5183.8404061553100000,1.0133881848722900,67.0059813135983000,23.4375480822671000,23.4357632131959000,65.1792097907285000,21.4765269880631000,0.0430212074334197,2.7401504066855300,#NUM!,4:21:16 AM,#NUM!,#NUM!,#NUM!,458.7401504066860000,-65.3149623983286000,64.3070634207131000,25.6929365792869000,0.0333710420823970,25.7263076213693000,#REF!
73.0,117.0,-11,4/29/06,12:00:00 AM,2453854.9583333300000000,0.0632432124115945,37.2707945523225000,2634.2246934913900000,0.0167059749383174,1.7306872672310700,39.0014818195536000,2635.9553807586200000,1.0070854570307900,38.9955650652067000,23.4384686853083000,23.4410258032022000,36.6062570572296000,14.4966161733215000,0.0430410805336736,2.6352627266152100,153.7734562758790000,###############################################################################################################################################################################################################################################################,###############################################################################################################################################################################################################################################################,3:24:28 AM,1230.1876502070400000,1130.6352627266200000,102.6588156816540000,79.7843813916468000,10.2156186083532000,0.0863593225376689,10.3019779308909000,286.2919381936850000
-27.0,151.0,0,7/23/10,12:00:00 AM,2455400.5000000000000000,0.1055578370978780,120.6298604917400000,4157.5109944775500000,0.0167041952534526,-0.5646909633239530,120.0651695284160000,4156.9463035142200000,1.0159558148740400,120.0641736568740000,23.4379184181707000,23.4384014840183000,122.2478853488290000,20.1360083219460000,0.0430311697053566,-6.4727589588803100,80.2444870057168000,2:02:28 AM,###############################################################################################################################################################################################################################################################,7:23:27 AM,641.9558960457340000,597.5272410411200000,-30.6181897397201000,55.6928343015202000,34.3071656984798000,0.0235913264000786,34.3307570248799000,#REF!
76.0,-61.0,13,11/13/01,12:00:00 AM,2452225.9583333300000000,0.0186436230892126,231.6512437374020000,1028.6818351229400000,0.0167078502339772,-1.5141567490595300,230.1370869883430000,1027.1676783738800000,0.9897314740009340,230.1266177447360000,23.4390486662755000,23.4390942067499000,-132.3169078324340000,-17.7748209752771000,0.0430337856756896,15.8677532841964000,#NUM!,4:48:08 AM,#NUM!,#NUM!,#NUM!,431.8677532841960000,-72.0330616789509000,103.0114615247780000,-13.0114615247781000,0.0249698258444276,-12.9864916989337000,#REF!
-87.0,-42.0,5,10/29/12,12:00:00 AM,2456229.2916666700000000,0.1282489162673930,217.5261804763090000,4974.3682938198400000,0.0167032407163726,-1.7584059467640700,215.7677745295450000,4972.6098878730700000,0.9933431290736310,215.7660928819770000,23.4376233391959000,23.4362286568714000,-146.5393153637540000,-13.4421324625548000,0.0430229648864973,16.3001928543162000,#NUM!,7:31:42 PM,#NUM!,#NUM!,#NUM!,988.3001928543160000,67.0750482135791000,75.4057476039923000,14.5942523960077000,0.0609020467028640,14.6551544427106000,292.2332038520100000
-12.0,103.0,-7,2/6/07,12:00:00 AM,2454137.7916666700000000,0.0709867670545246,316.0447232336290000,2912.9853063458300000,0.0167056492908167,1.0607082290572900,317.1054314626860000,2914.0460145748900000,0.9860726191412120,317.1007563291950000,23.4383679867155000,23.4408696218970000,-40.4490582420773000,-15.7111967912732000,0.0430404906752292,-14.0708846151538000,94.3145234396619000,###############################################################################################################################################################################################################################################################,###############################################################################################################################################################################################################################################################,4:39:20 AM,754.5161875172950000,817.9291153848460000,24.4822788462116000,24.0425718952397000,65.9574281047603000,0.0071981436074102,65.9646262483677000,258.2851053199070000
-14.0,-154.0,1,3/4/18,12:00:00 AM,2458181.4583333300000000,0.1816963267168650,341.6741071000400000,6898.4243079145000000,0.0167009918486964,1.6482427759776300,343.3223498760170000,6900.0725506904800000,0.9914610675934560,343.3131991742310000,23.4369282994061000,23.4351624012419000,-15.3781706632725000,-6.5574090353966000,0.0430189389052761,-11.8252660358343000,92.5070457006603000,11:27:50 PM,5:17:48 PM,5:37:51 AM,740.0563656052830000,752.1747339641660000,8.0436834910414300,10.8596882971658000,79.1403117028342000,0.0030959485162548,79.1434076513505000,312.4521457430550000
20.0,-147.0,13,11/12/11,12:00:00 AM,2455876.9583333300000000,0.1186025553274060,230.2497598567510000,4627.1084615917500000,0.0167036465221478,-1.5457622398937000,228.7039976168570000,4625.5626993518600000,0.9901034162817000,228.7029384081760000,23.4377487822494000,23.4371141499289000,-133.7538492708360000,-17.3869225098569000,0.0430263084971537,16.0504123472962000,84.3899028164352000,10:31:57 AM,4:54:23 AM,4:09:31 PM,675.1192225314810000,88.0504123472963000,-157.9873969131760000,159.0011964231520000,-69.0011964231519000,0.0022147572430114,-68.9989816659089000,#REF!
-32.0,59.0,-8,5/4/08,12:00:00 AM,2454590.8333333300000000,0.0833903718914028,42.5840466089339000,3359.5033003515900000,0.0167051276378708,1.6488419314655200,44.2328885403995000,3361.1521422830600000,1.0084366329393500,44.2300248875107000,23.4382066879690000,23.4402712305319000,41.7693682219623000,16.1096638597533000,0.0430382307384562,3.2456458189890400,80.6404287372973000,12:00:45 AM,###############################################################################################################################################################################################################################################################,5:23:19 AM,645.1234298983780000,719.2456458189890000,-0.1885885452527420,48.1100035467189000,41.8899964532811000,0.0179664985773723,41.9079629518584000,#REF!
-89.0,-57.0,13,5/14/11,12:00:00 AM,2455694.9583333300000000,0.1136196668948250,50.8619399560093000,4447.7292104956800000,0.0167038561344381,1.4946203978750200,52.3565603538844000,4449.2238308935500000,1.0103945026503000,52.3556341718017000,23.4378135806492000,23.4376031105774000,49.9461994939303000,18.3575111718550000,0.0430281548666895,3.6559022888150900,#NUM!,4:44:21 AM,#NUM!,#NUM!,#NUM!,435.6559022888150000,-71.0860244277962000,108.0307910832810000,-18.0307910832808000,0.0177258152981033,-18.0130652679827000,#REF!
60.0,-90.0,-10,12/31/00,12:00:00 AM,2451909.9166666700000000,0.0099908738307053,280.1456092100570000,717.1910794572630000,0.0167082140009899,-0.0958226646540958,280.0497865454030000,717.0952567926090000,0.9833135491689090,280.0394952468210000,23.4391611881068000,23.4384677502497000,-79.0784730891286000,-23.0586594944536000,0.0430314199467711,-3.1446954482204000,45.1134959371800000,8:03:09 AM,5:02:41 AM,11:03:36 AM,360.9079674974400000,236.8553045517800000,-120.7861738620550000,125.0765342189400000,-35.0765342189396000,0.0082170310767779,-35.0683171878628000,#REF!
-2.0,178.0,8,4/26/06,12:00:00 AM,2453851.1666666700000000,0.0631394022359072,33.5335483074155000,2630.4876257582200000,0.0167059793038480,1.7799703072090000,35.3135186146245000,2632.2675960654300000,1.0060909304757100,35.3075851298918000,23.4384700352746000,23.4410267118974000,33.0153013782754000,13.2922206233871000,0.0430410839656051,2.0521985313823200,90.3837394636606000,8:05:57 AM,2:04:25 AM,2:07:29 PM,723.0699157092850000,234.0521985313820000,-121.4869503671540000,121.0660744175920000,-31.0660744175924000,0.0095778560153245,-31.0564965615771000,#REF!
-65.0,-88.0,-1,3/7/02,12:00:00 AM,2452340.5416666700000000,0.0217807437827929,344.5900037943700000,1141.6152007174500000,0.0167077183427670,1.7010235060641500,346.2910273004340000,1143.3162242235200000,0.9922769465366490,346.2805938190250000,23.4390078706163000,23.4393237104790000,-12.6251390478622000,-5.4133234742908400,0.0430346523833472,-11.1728175209842000,103.7551307916560000,5:03:10 PM,10:08:09 AM,11:58:12 PM,830.0410463332480000,1136.8271824790200000,104.2067956197540000,91.0174246756605000,-1.0174246756604800,0.3249006107637890,-0.6925240648966890,254.8499896831030000
-86.0,-112.0,5,11/13/02,12:00:00 AM,2452591.2916666700000000,0.0286459046315267,231.7410794605250000,1388.7544713067500000,0.0167074297081385,-1.5126120672200000,230.2284673933050000,1387.2418592395300000,0.9897148557057760,230.2182961706120000,23.4389185948703000,23.4398094765678000,-132.2242915046250000,-17.7998797111958000,0.0430364868822570,15.8576615211232000,#NUM!,12:12:09 AM,#NUM!,#NUM!,#NUM!,707.8576615211230000,-3.0355846197192000,68.2058710706429000,21.7941289293571000,0.0400602766361410,21.8341892059932000,#REF!
-13.0,124.0,9,11/30/07,12:00:00 AM,2454434.1250000000000000,0.0790999315537303,248.1248913316610000,3205.0515229766300000,0.0167053080834408,-1.1155882974700500,247.0093030341910000,3203.9359346791600000,0.9864016900675240,247.0058534261930000,23.4382624816417000,23.4405238749001000,-114.8217120714960000,-21.4808265146446000,0.0430391848892736,11.7672096976401000,96.1358605675770000,12:32:14 PM,6:07:41 AM,6:56:47 PM,769.0868845406160000,1407.7672096976400000,171.9418024244100000,144.6232900574750000,-54.6232900574747000,0.0040969966026303,-54.6191930608720000,193.0209966841300000
34.0,-94.0,-6,4/21/09,12:00:00 AM,2454942.7500000000000000,0.0930253251197810,29.4497806219570000,3706.3524659005200000,0.0167047223979827,1.8257354233134300,31.2755160452704000,3708.1782013238300000,1.0049592449500000,31.2737360154887000,23.4380813932662000,23.4395540050530000,29.1292122474928000,11.9172747618536000,0.0430355220870823,1.2802972721759100,99.2229182004375000,12:14:43 PM,5:37:50 AM,6:51:37 PM,793.7833456035000000,1425.2802972721800000,176.3200743180440000,133.9494739319550000,-43.9494739319553000,0.0059855640546643,-43.9434883679006000,354.9958964028780000
-64.0,-128.0,-3,9/16/15,12:00:00 AM,2457281.6250000000000000,0.1570602327173170,174.7557549816730000,6011.5483223583400000,0.0167020285335722,-1.8032961884872300,172.9524587931860000,6009.7450261698500000,1.0055362892092000,172.9468742485180000,23.4372486715765000,23.4346892946570000,173.5234963507890000,2.7990867134054400,0.0430171526088826,4.8809760540665200,86.1559877714391000,5:27:07 PM,11:42:30 AM,11:11:45 PM,689.2479021715130000,1112.8809760540700000,98.2202440135167000,96.1132780531600000,-6.1132780531600000,0.0538730880812539,-6.0594049650787500,263.8253590606350000
7.0,97.0,-11,12/16/14,12:00:00 AM,2457007.9583333300000000,0.1495676477298700,265.0169267202880000,5741.8223789462400000,0.0167023437904524,-0.6091398211333000,264.4077868991550000,5741.2132391251100000,0.9841600145669390,264.4033948524620000,23.4373461065109000,23.4348822918018000,-96.0961237583824000,-23.3165487108489000,0.0430178812984022,4.4166333028479500,87.8812014420961000,###############################################################################################################################################################################################################################################################,###############################################################################################################################################################################################################################################################,12:19:06 AM,703.0496115367690000,1052.4166333028500000,83.1041583257120000,86.4912887980012000,3.5087112019987800,0.2069537487109430,3.7156649507097200,245.9796732581790000
3.0,91.0,11,8/20/07,12:00:00 AM,2454332.0416666700000000,0.0763050422085287,147.5067231830470000,3104.4381609504900000,0.0167054256272351,-1.3204590478257500,146.1862641352210000,3103.1177019026600000,1.0120631912467800,146.1824067782020000,23.4382988268942000,23.4406631998300000,148.4250169298060000,12.7910049486206000,0.0430397110764758,-3.6900998780176100,91.5372353071415000,4:59:41 PM,10:53:32 AM,11:05:50 PM,732.2978824571320000,1140.3099001219800000,105.0774750304960000,103.9889708435050000,-13.9889708435047000,0.0231611984176485,-13.9658096450870000,283.9769367413540000
2.0,-146.0,-7,1/21/01,12:00:00 AM,2451930.7916666700000000,0.0105624001825191,300.7209978570480000,737.7654853364640000,0.0167081899742483,0.5960209501412930,301.3170188071890000,738.3615062866050000,0.9841161919009410,301.3067033862690000,23.4391537558810000,23.4385079878424000,-56.4610196717494000,-19.8676934307877000,0.0430315718965255,-11.3197964176503000,90.1632185632039000,2:55:19 PM,8:54:40 AM,8:55:58 PM,721.3057485056310000,1264.6802035823500000,136.1700508955870000,133.6228195535080000,-43.6228195535083000,0.0060542667622759,-43.6167652867460000,244.1206944293770000
-54.0,76.0,-5,5/9/10,12:00:00 AM,2455325.7083333300000000,0.1035101528633400,46.9116515498049000,4083.7963068061600000,0.0167042813861957,1.5722419656605700,48.4838935154655000,4085.3685487718200000,1.0094826726432400,48.4828241356613000,23.4379450466341000,23.4386005983620000,46.0241461378863000,17.3273246538190000,0.0430319216239614,3.5430075925493200,66.2024633782422000,1:52:27 AM,###############################################################################################################################################################################################################################################################,6:17:16 AM,529.6197070259380000,607.5430075925490000,-28.1142481018627000,75.2882923969977000,14.7117076030023000,0.0604115378480152,14.7721191408503000,#REF!
38.0,165.0,8,12/12/01,12:00:00 AM,2452255.1666666700000000,0.0194433036732789,260.4403603911290000,1057.4695766800000000,0.0167078166139456,-0.7480076930298300,259.6923526980990000,1056.7215689869700000,0.9846103422780700,259.6818874909200000,23.4390382670913000,23.4391528784639000,-101.2234854921000000,-23.0380477337399000,0.0430340072451502,6.5914251892382500,71.8081051952322000,8:53:25 AM,4:06:11 AM,1:40:38 PM,574.4648415618570000,186.5914251892380000,-133.3521437026900000,137.6245876017330000,-47.6245876017328000,0.0052641951197773,-47.6193234066130000,#REF!
-88.0,-2.0,10,12/3/03,12:00:00 AM,2452976.0833333300000000,0.0391809263061872,251.0099701406940000,1768.0052462692700000,0.0167069867568980,-1.0325876495800500,249.9773824911140000,1766.9726586196900000,0.9859119161992960,249.9680708534870000,23.4387815955940000,23.4404523640322000,-111.6727265883710000,-21.9458318651447000,0.0430389148161781,10.6806169805317000,#NUM!,9:57:19 PM,#NUM!,#NUM!,#NUM!,842.6806169805320000,30.6701542451329000,66.3377293829133000,23.6622706170867000,0.0366016587374402,23.6988722758242000,328.8981459770020000
45.0,-170.0,5,11/21/01,12:00:00 AM,2452234.2916666700000000,0.0188717773214651,239.8649717410600000,1036.8951708023600000,0.0167078406419733,-1.3284239946977900,238.5365477463630000,1035.5667468076700000,0.9879352947251220,238.5260792994010000,23.4390456993185000,23.4391109517658000,-123.7125140071000000,-19.8313623661773000,0.0430338489119612,14.2835649909578000,70.1971648649587000,4:05:43 AM,11:24:56 PM,8:46:30 AM,561.5773189196700000,474.2835649909580000,-61.4291087522606000,85.5133021328337000,4.4866978671663000,0.1734503335744610,4.6601482007407600,#REF!
-59.0,61.0,-13,1/31/14,12:00:00 AM,2456689.0416666700000000,0.1408361852612320,310.6775553387840000,5427.4980228222500000,0.0167027111562071,0.9003442396393730,311.5778995784240000,5428.3983670618900000,0.9852460704066260,311.5747879708660000,23.4374596520414000,23.4353040256329000,-45.9668618798846000,-17.3090343507674000,0.0430194736406630,-13.4564273209799000,123.2449391402320000,###############################################################################################################################################################################################################################################################,###############################################################################################################################################################################################################################################################,3:22:26 AM,985.9595131218540000,1010.5435726790200000,72.6358931697550000,66.3106458396794000,23.6893541603206000,0.0365552286994884,23.7259093890200000,275.7026995639530000
58.0,-54.0,6,7/2/02,12:00:00 AM,2452457.2500000000000000,0.0249760438056126,99.6232644989932000,1256.6429669076100000,0.0167075840030107,0.1098211240941450,99.7330856230873000,1256.7527880317100000,1.0166808829116600,99.7227431967545000,23.4389663183804000,23.4395538135492000,100.5782739227910000,23.0832274193622000,0.0430355213638672,-3.8588139033031700,135.3871928587120000,9:39:52 PM,12:38:19 PM,6:41:24 AM,1083.0975428697000000,860.1411860966970000,35.0352965241742000,42.9750935635709000,47.0249064364291000,0.0150209369209037,47.0399273733500000,230.7805173047350000
-33.0,-50.0,13,3/5/13,12:00:00 AM,2456355.9583333300000000,0.1317168605977680,342.3748463707710000,5099.2109960333900000,0.0167030948201708,1.6617925883433000,344.0366389591140000,5100.8727886217300000,0.9916595972946820,344.0346257124200000,23.4375782414106000,23.4359423660279000,-14.7077919135230000,-6.2805216394228800,0.0430218838859564,-11.6759087350557000,95.1009694857616000,4:31:41 AM,10:11:16 PM,10:52:05 AM,760.8077558860930000,448.3240912649440000,-67.9189771837639000,68.1017042203089000,21.8982957796911000,0.0398530841781234,21.9381488638693000,#REF!
54.0,26.0,7,11/3/15,12:00:00 AM,2457329.2083333300000000,0.1583629933835320,221.6561419942340000,6058.4464690340700000,0.0167019737173584,-1.6994770508506700,219.9566649433830000,6056.7469919832200000,0.9922634660628430,219.9508702039430000,23.4372317302413000,23.4346723448898000,-142.4560637573910000,-14.7959462940945000,0.0430170886128265,16.4734526710320000,70.2467748916816000,4:59:32 PM,12:18:32 PM,9:40:31 PM,561.9741991334530000,1140.4734526710300000,105.1183631677580000,110.7826525863970000,-20.7826525863970000,0.0152034970774219,-20.7674490893196000,273.3049594117330000
64.0,113.0,5,4/14/05,12:00:00 AM,2453474.2916666700000000,0.0528211270819031,22.0676990827233000,2259.0395197670800000,0.0167064132047788,1.8841117431350800,23.9518108258583000,2260.9236315102100000,1.0028969574156500,23.9442625998235000,23.4386042159880000,23.4409628545480000,22.1667281971727000,9.2909433945718200,0.0430408427915354,-0.4136816689239770,111.6553188183300000,9:28:25 AM,2:01:48 AM,4:55:02 PM,893.2425505466400000,151.5863183310760000,-142.1034204172310000,101.3195822473800000,-11.3195822473798000,0.0288247548427625,-11.2907574925371000,#REF!
-81.0,89.0,5,3/26/10,12:00:00 AM,2455281.2916666700000000,0.1022940908053800,3.1324812263201200,4040.0192276643800000,0.0167043325375058,1.8917123649498900,5.0241935912700100,4041.9109400293300000,0.9973776435552530,5.0230700853258800,23.4379608605294000,23.4387174171237000,4.6104632962745100,1.9958615701604700,0.0430323627717849,-5.8927914522938400,82.7017648198935000,11:09:54 AM,5:39:05 AM,4:40:42 PM,661.6141185591480000,50.1072085477061000,-167.4731978630730000,100.7787142212810000,-10.7787142212807000,0.0303085690259515,-10.7484056522547000,#REF!
64.0,-146.0,12,9/10/15,12:00:00 AM,2457275.0000000000000000,0.1568788501026690,168.2258412033210000,6005.0187205006600000,0.0167020361655679,-1.7194276180247500,166.5064135852960000,6003.2992928826400000,1.0072814311656100,166.5008582990010000,23.4372510303089000,23.4346920471755000,167.5783138846730000,5.3267954895301300,0.0430171630013801,2.5474485401380800,102.9720552837010000,9:41:27 AM,2:49:34 AM,4:33:20 PM,823.7764422696110000,138.5474485401380000,-145.3631378649650000,106.0025841472680000,-16.0025841472677000,0.0201189566137347,-15.9824651906540000,#REF!
13.0,82.0,4,9/10/05,12:00:00 AM,2453623.3333333300000000,0.0569016655258998,168.9702245232640000,2405.9350283539700000,0.0167062416144571,-1.7329693694978100,167.2372551537660000,2404.2020589844800000,1.0070436658159100,167.2303292526440000,23.4385511519311000,23.4410241018905000,168.2536735132600000,5.0444017209793600,0.0430410741082135,2.8176944242648400,92.0262377718265000,10:29:11 AM,4:21:05 AM,4:37:17 PM,736.2099021746120000,90.8176944242649000,-157.2955763939340000,151.1164921414420000,-61.1164921414419000,0.0031830444985868,-61.1133090969434000,#REF!
-63.0,47.0,6,3/31/00,12:00:00 AM,2451634.2500000000000000,0.0024435318275154,8.4354868964715600,445.4939351430250000,0.0167085312804961,1.9115230178236900,10.3470099142953000,447.4054581608480000,0.9989662657338280,10.3371934677878000,23.4392593350150000,23.4379672089997000,9.5005094757421200,4.0928902476172300,0.0430295297704930,-4.2745349367913700,83.7808208374558000,2:56:16 PM,9:21:09 AM,8:31:24 PM,670.2465666996460000,1263.7254650632100000,135.9313662658020000,112.8896737369320000,-22.8896737369320000,0.0136663738421657,-22.8760073630899000,228.8547316873250000
50.0,-74.0,3,3/25/05,12:00:00 AM,2453454.3750000000000000,0.0522758384668036,2.4368891422286700,2239.4096474983500000,0.0167064361343373,1.8887177790837300,4.3256069213124000,2241.2983652774400000,0.9972014855501710,4.3179779483987100,23.4386113070191000,23.4409512280510000,3.9628037091859200,1.7163389426416800,0.0430407988810914,-6.1083717444294600,93.3444179371210000,8:02:07 PM,1:48:44 PM,2:15:29 AM,746.7553434969680000,957.8916282555710000,59.4729070638926000,69.5555698228882000,20.4444301771118000,0.0429213433430451,20.4873515204548000,246.7631348644270000
-53.0,91.0,0,10/12/10,12:00:00 AM,2455481.5000000000000000,0.1077754962354550,200.4672968084900000,4237.3446172245400000,0.0167041019697736,-1.9031771030560700,198.5641197054340000,4235.4414401214900000,0.9981409131785450,198.5631781466870000,23.4378895793223000,23.4381832650730000,-162.8752470572230000,-7.2747093506359800,0.0430303456499140,13.3717291718715000,101.1720681003470000,5:42:38 AM,###############################################################################################################################################################################################################################################################,12:27:19 PM,809.3765448027790000,377.3717291718720000,-85.6570677070321000,81.5854190434355000,8.4145809565645400,0.1034305525112500,8.5180115090757900,#REF!
72.0,-81.0,-6,9/3/08,12:00:00 AM,2454712.7500000000000000,0.0867282683093771,162.7508874409760000,3479.6644012777800000,0.0167049872507740,-1.6346800515272800,161.1162073894490000,3478.0297212262500000,1.0086433557792100,161.1137592542140000,23.4381632813511000,23.4400445334491000,162.5741580109410000,7.3979709047738800,0.0430373745913502,0.6818052794404360,116.5546743488270000,11:23:19 AM,3:37:06 AM,7:09:32 PM,932.4373947906140000,36.6818052794404000,-170.8295486801400000,100.3738001577160000,-10.3738001577156000,0.0315194263085388,-10.3422807314071000,#REF!
76.0,127.0,3,9/26/11,12:00:00 AM,2455830.3750000000000000,0.1173271731690620,184.3350202377120000,4581.1959151808300000,0.0167037001735117,-1.8851812050506900,182.4498390326620000,4579.3107339757800000,1.0028290135987900,182.4488265341220000,23.4377653675540000,23.4372380659211000,-177.7529942897920000,-0.9737571110419910,0.0430267764136009,8.3216218882725700,89.5377285373746000,6:23:41 AM,12:25:32 AM,12:21:50 PM,716.3018282989970000,336.3216218882730000,-95.9195945279318000,92.3747934823011000,-2.3747934823011300,0.1391309661994050,-2.2356625161017200,#REF!
26.0,10.0,-2,11/12/04,12:00:00 AM,2453321.5833333300000000,0.0486402007757286,231.5511333293260000,2108.5301434775200000,0.0167065890121244,-1.5171779192422700,230.0339554100830000,2107.0129655582800000,0.9897675233517910,230.0258061575650000,23.4386585855037000,23.4408537793449000,-132.4192709402380000,-17.7490968630349000,0.0430404308420439,15.8864075544343000,82.0023516733050000,9:04:07 AM,3:36:06 AM,2:32:07 PM,656.0188133864400000,175.8864075544340000,-136.0283981113910000,138.5639888126720000,-48.5639888126716000,0.0050933880977574,-48.5588954245739000,#REF!
-70.0,35.0,4,8/5/11,12:00:00 AM,2455778.3333333300000000,0.1159023499885970,133.0402887685600000,4529.9036339039600000,0.0167037601109075,-0.9372508514236530,132.1030379171360000,4528.9663830525400000,1.0145488077625900,132.1020673466320000,23.4377838962173000,23.4373776480405000,134.5639351665140000,17.1640546132614000,0.0430273034898640,-6.0965760937396900,36.4756063902096000,1:46:06 PM,11:20:12 AM,4:12:00 PM,291.8048511216770000,1333.9034239062600000,153.4758559765650000,124.7295621668940000,-34.7295621668938000,0.0083237588396231,-34.7212384080542000,211.2770926120990000
-13.0,-98.0,12,11/2/14,12:00:00 AM,2456963.0000000000000000,0.1483367556468170,220.7038640415700000,5697.5114330032300000,0.0167023955799223,-1.7137943170737700,218.9900697244970000,5695.7976386861600000,0.9925077251631930,218.9858676551540000,23.4373621132555000,23.4349293007056000,-143.4019696084380000,-14.4898845588750000,0.0430180587885451,16.4539972720915000,94.3054608321914000,6:15:33 AM,11:58:19 PM,12:32:46 PM,754.4436866575310000,344.4539972720920000,-93.8865006819771000,90.4387479118825000,-0.4387479118825440,0.5509361710303360,0.1121882591477920,#REF!
-45.0,53.0,-4,5/23/11,12:00:00 AM,2455704.6666666700000000,0.1138854665754010,60.4309330956321000,4457.2977465544900000,0.0167038449533553,1.2783991736811700,61.7093322693133000,4458.5761457281700000,1.0124024809649200,61.7084023693969000,23.4378101241411000,23.4375767707266000,59.6016324638179000,20.5018274488836000,0.0430280554034044,3.3097672404593200,69.3920959568336000,4:24:41 AM,###############################################################################################################################################################################################################################################################,9:02:16 AM,555.1367676546690000,455.3097672404590000,-66.1725581898852000,88.8591121473491000,1.1408878526509500,0.3501642471458480,1.4910520997968000,#REF!
-35.0,134.0,3,10/27/00,12:00:00 AM,2451844.3750000000000000,0.0081964407939767,215.5446384695480000,652.5931943310500000,0.0167082894377064,-1.7817042806003300,213.7629341889480000,650.8114900504500000,0.9938221625800120,213.7527297124870000,23.4391845232182000,23.4383431744781000,-148.4871410617990000,-12.7678022182717000,0.0430309495114759,16.1298375130879000,100.1873351100870000,5:47:52 AM,###############################################################################################################################################################################################################################################################,12:28:37 PM,801.4986808806970000,372.1298375130880000,-86.9675406217280000,80.2689407620085000,9.7310592379915200,0.0904148371229304,9.8214740751144500,#REF!
-48.0,142.0,-8,9/13/13,12:00:00 AM,2456548.8333333300000000,0.1369974903034490,172.4815813926900000,5289.3086501529700000,0.0167028726585549,-1.7771442896902800,170.7044371030000000,5287.5315058632800000,1.0061446821015600,170.7018239855730000,23.4375095711333000,23.4355504580889000,171.4570353831100000,3.6843730989671400,0.0430204041115263,4.0625362902018400,87.1486962714594000,###############################################################################################################################################################################################################################################################,###############################################################################################################################################################################################################################################################,12:16:32 AM,697.1895701716750000,1052.0625362902000000,83.0156340725505000,88.0835268521664000,1.9164731478336100,0.2892281753027670,2.2057013231363800,277.6575241486320000
26.0,68.0,-3,12/24/02,12:00:00 AM,2452632.6250000000000000,0.0297775496235455,272.4811703675140000,1429.4926162747000000,0.0167073821288013,-0.3564446221581540,272.1247257453550000,1429.1361716525400000,0.9835832949023750,272.1146213217400000,23.4389038787609000,23.4398857700112000,-87.6953768189410000,-23.4229700648711000,0.0430367750088065,0.6552145921188680,78.8332396014621000,4:27:21 AM,###############################################################################################################################################################################################################################################################,9:42:41 AM,630.6659168116970000,452.6552145921190000,-66.8361963519703000,81.3639749104128000,8.6360250895871800,0.1010069847286220,8.7370320743158000,#REF!
-16.0,158.0,8,2/18/15,12:00:00 AM,2457071.1666666700000000,0.1512981975815610,327.3180537682290000,5804.1205300066000000,0.0167022709773602,1.3525628605359300,328.6706166287650000,5805.4730928671300000,0.9881484914241610,328.6659537732580000,23.4373236021260000,23.4348234046836000,-29.1878878659571000,-11.9359179905957000,0.0430176589605922,-14.0192444492457000,94.3628575693359000,9:42:01 AM,3:24:34 AM,3:59:28 PM,754.9028605546870000,137.9807555507540000,-145.5048111123110000,135.8987619378870000,-45.8987619378870000,0.0055917607675624,-45.8931701771195000,#REF!
-35.0,52.0,5,6/24/10,12:00:00 AM,2455371.2916666700000000,0.1047581565137990,91.8407437957949000,4128.7232529412000000,0.0167042288909344,0.3667949035014990,92.2075386992964000,4129.0900478447000000,1.0163931868469000,92.2065167717908000,23.4379288173645000,23.4384795643005000,92.4047318034801000,23.4200632248276000,0.0430314645602976,-2.2556131033960700,73.5034935318381000,1:34:15 PM,8:40:14 AM,6:28:16 PM,588.0279482547050000,1345.7443868966000000,156.4360967241510000,156.4867314661000000,-66.4867314661002000,0.0025104564049523,-66.4842210096953000,246.8500318633380000
25.0,98.0,11,9/7/02,12:00:00 AM,2452524.0416666700000000,0.0268046999771803,165.4562944585220000,1322.4728523764400000,0.0167075071197941,-1.6813158690897900,163.7749785894320000,1320.7915365073500000,1.0079396827132400,163.7647126971340000,23.4389425382171000,23.4396826279374000,165.0419159279640000,6.3852603258671800,0.0430360078334657,1.6002668025915800,93.9177545807514000,4:26:24 PM,10:10:44 AM,10:42:04 PM,751.3420366460110000,1173.6002668025900000,113.4000667006480000,108.1017566992480000,-18.1017566992483000,0.0176515044893115,-18.0841051947590000,286.3514562404090000
-88.0,-143.0,2,4/18/06,12:00:00 AM,2453843.4166666700000000,0.0629272187999045,25.8947812580318000,2622.8492235789700000,0.0167059882267922,1.8574692890208400,27.7522505470526000,2624.7066928679900000,1.0039799721906200,27.7462828756708000,23.4384727945465000,23.4410284715661000,25.7632728209894000,10.6728474531377000,0.0430410906114670,0.5109429052549830,#NUM!,11:31:29 PM,#NUM!,#NUM!,#NUM!,748.5109429052550000,7.1277357263137400,98.6882089754376000,-8.6882089754375600,0.0377590868870083,-8.6504498885505500,352.9144764479190000
-37.0,138.0,-7,8/19/15,12:00:00 AM,2457253.7916666700000000,0.1562981975815610,147.3219033845460000,5984.1157812202100000,0.0167020605974979,-1.3124962453295800,146.0094071392170000,5982.8032849748800000,1.0121247878702300,146.0039454771410000,23.4372585812193000,23.4347015037444000,148.2516466412170000,12.8482938887360000,0.0430171987059160,-3.7419909544100800,81.1875700468657000,###############################################################################################################################################################################################################################################################,###############################################################################################################################################################################################################################################################,1:16:30 AM,649.5005603749260000,968.2580090455900000,62.0645022613975000,76.6470459148450000,13.3529540851550000,0.0665693452600283,13.4195234304150000,297.7129726009240000
-64.0,-7.0,-3,2/6/17,12:00:00 AM,2457790.6250000000000000,0.1709958932238190,316.4502626914200000,6513.2188650536200000,0.0167014421409798,1.0670367888247200,317.5172994802450000,6514.2859018424400000,0.9861143442601530,317.5095373932450000,23.4370674497422000,23.4347604855345000,-40.0458866938259000,-15.5831482100358000,0.0430174213998861,-14.0737045354855000,127.3177323853290000,9:42:04 AM,1:12:48 AM,6:11:21 PM,1018.5418590826300000,137.9262954645150000,-145.5184261338710000,96.1205855686952000,-6.1205855686952000,0.0538082766368318,-6.0667772920583700,#REF!
-49.0,39.0,-3,8/19/12,12:00:00 AM,2456158.6250000000000000,0.1263141683778230,147.8737668755220000,4904.7192073204700000,0.0167033221097713,-1.3269768115149900,146.5467900640070000,4903.3922305089500000,1.0120055036760000,146.5452698291320000,23.4376484990132000,23.4363968965778000,148.7741030010750000,12.6655862992216000,0.0430236001466920,-3.6094463112386200,76.3607207618246000,6:27:37 AM,1:22:10 AM,11:33:03 AM,610.8857660945970000,332.3905536887610000,-96.9023615778097000,104.0284077445130000,-14.0284077445128000,0.0230934220497016,-14.0053143224631000,#REF!
-25.0,-132.0,-8,7/29/17,12:00:00 AM,2457963.8333333300000000,0.1757380789413690,127.1725996985720000,6683.9330469314700000,0.0167012425853889,-0.7618121022935690,126.4107875962780000,6683.1712348291700000,1.0153111775473900,126.4023653844970000,23.4370057815147000,23.4349052050260000,128.7858998287810000,18.6690990796480000,0.0430179678111428,-6.4851194691575800,81.9160277605556000,12:54:29 PM,7:26:49 AM,6:22:09 PM,655.3282220844450000,1385.5148805308400000,166.3787201327110000,165.8717359692930000,-75.8717359692926000,0.0014523501260701,-75.8702836191666000,246.0700399908070000
42.0,98.0,13,6/28/10,12:00:00 AM,2455374.9583333300000000,0.1048585443760020,95.4547841230833000,4132.3371206379300000,0.0167042246682637,0.2500649337167480,95.7048490568000000,4132.5871855716500000,1.0165609283206400,95.7038305873461000,23.4379275119023000,23.4384697835107000,96.2129439609508000,23.3155432848725000,0.0430314276249948,-3.0314785717706300,114.1650986324640000,6:31:02 PM,10:54:22 AM,2:07:42 AM,913.3207890597110000,1048.9685214282300000,82.2421303570574000,69.0862973994957000,20.9137026005043000,0.0418877455600353,20.9555903460643000,283.0663361974220000
-75.0,-46.0,-7,3/9/18,12:00:00 AM,2458186.7916666700000000,0.1818423454255030,346.9308930367060000,6903.6808427419100000,0.0167009857037822,1.7311663273841200,348.6620593640900000,6905.4120090692900000,0.9928228529884320,348.6528924516760000,23.4369264005531000,23.4351696596580000,-10.4325326155692000,-4.4880168641742400,0.0430189663110041,-10.5707672571679000,110.4430996630270000,8:14:34 AM,12:52:48 AM,3:36:21 PM,883.5447973042150000,225.4292327428320000,-123.6426918142920000,93.8626509235576000,-3.8626509235575700,0.0854583181532462,-3.7771926054043200,#REF!
-40.0,-14.0,-6,9/2/15,12:00:00 AM,2457267.7500000000000000,0.1566803559206020,161.0798978232580000,5997.8731184677200000,0.0167020445175536,-1.6028224941163600,159.4770753291410000,5996.2702959736100000,1.0090805131559600,159.4715520556150000,23.4372536115631000,23.4346951693048000,161.0391364236200000,8.0168119840690100,0.0430171747893938,0.1283400079399670,84.3176376429646000,6:55:52 AM,1:18:36 AM,12:33:09 PM,674.5411011437170000,304.1283400079400000,-103.9679149980150000,105.8276828879910000,-15.8276828879912000,0.0203532079504392,-15.8073296800408000,#REF!
77.0,-171.0,-9,10/25/05,12:00:00 AM,2453668.8750000000000000,0.0581485284052019,213.8582480940870000,2450.8209078286600000,0.0167061891819069,-1.8024563081735700,212.0557917859130000,2449.0184515204900000,0.9943088144421800,212.0490612728110000,23.4385349375012000,23.4410335488731000,-150.1272932557760000,-12.1864335695202000,0.0430411097872847,15.9556315191221000,29.6217813630545000,2:08:03 PM,12:09:33 PM,4:06:32 PM,236.9742509044360000,1311.9556315191200000,147.9889078797810000,113.0871608614760000,-23.0871608614763000,0.0135359799277512,-23.0736248815486000,325.7191802624370000
84.0,-22.0,13,11/23/10,12:00:00 AM,2455522.9583333300000000,0.1089105635409580,241.3305936900260000,4278.2059622000700000,0.0167040542237870,-1.2957387529765700,240.0348549370490000,4276.9102234470900000,0.9876736512016190,240.0339308993510000,23.4378748186977000,23.4380708700688000,-122.1456964725310000,-20.1565206461815000,0.0430299212184447,13.9143463194108000,#NUM!,2:14:05 AM,#NUM!,#NUM!,#NUM!,585.9143463194110000,-33.5214134201473000,105.1230033602560000,-15.1230033602556000,0.0213504853006681,-15.1016528749549000,#REF!
69.0,52.0,-10,1/10/13,12:00:00 AM,2456302.9166666700000000,0.1302646589094190,290.0944675263990000,5046.9331144817400000,0.0167031559145762,0.2359278724348840,290.3303953988340000,5047.1690423541700000,0.9834241515483500,290.3285274122600000,23.4375971261081000,23.4360597085455000,-68.0117317559189000,-21.8978837964005000,0.0430223269557186,-7.5759507271074700,#NUM!,###############################################################################################################################################################################################################################################################,#NUM!,#NUM!,#NUM!,800.4240492728920000,20.1060123182231000,92.0593244691392000,-2.0593244691391800,0.1604673195553040,-1.8988571495838800,198.6122669933490000
-37.0,96.0,-13,7/27/18,12:00:00 AM,2458327.0416666700000000,0.1856821811544560,125.1679357276300000,7041.9112820369100000,0.0167008241098044,-0.7005717323913050,124.4673639952390000,7041.2107103045200000,1.0155333931193600,124.4578022608120000,23.4368764666539000,23.4353751576640000,126.7924927870700000,19.1433474139453000,0.0430197422173267,-6.5347817667024500,75.9770279692586000,###############################################################################################################################################################################################################################################################,###############################################################################################################################################################################################################################################################,###############################################################################################################################################################################################################################################################,607.8162237540680000,1157.4652182333000000,109.3663045583240000,116.5861220598050000,-26.5861220598051000,0.0115293980287303,-26.5745926617764000,274.7060578317250000
-68.0,-73.0,6,5/10/03,12:00:00 AM,2452769.2500000000000000,0.0335181382614647,47.1452410217435000,1564.1502547289700000,0.0167072248556788,1.5658194833625800,48.7110605051060000,1565.7160742123300000,1.0095683684101500,48.7012221152359000,23.4388552354896000,23.4401270482706000,46.2437691510284000,17.3886266076920000,0.0430376862168150,3.5634854811314400,42.7402314731426000,10:48:26 PM,7:57:29 PM,1:39:24 AM,341.9218517851410000,791.5634854811310000,17.8908713702829000,86.3816633751674000,3.6183366248326100,0.2026959157191260,3.8210325405517300,342.9173310099810000
-59.0,46.0,9,4/30/11,12:00:00 AM,2455681.1250000000000000,0.1132409308692680,37.2271514475324000,4434.0950732782100000,0.0167038720662505,1.7323018205616300,38.9594532680940000,4435.8273750987700000,1.0070505358383800,38.9585317208844000,23.4378185058023000,23.4376406708607000,36.5707129101976000,14.4827703157259000,0.0430282967002508,2.6224462902392000,66.3765266435120000,5:53:23 PM,1:27:52 PM,10:18:53 PM,531.0122131480960000,1086.6224462902400000,91.6556115725598000,103.2249932537210000,-13.2249932537208000,0.0245523408784103,-13.2004409128424000,276.1817640716320000
22.0,-77.0,3,5/9/06,12:00:00 AM,2453864.3750000000000000,0.0635010266940452,46.5523072036235000,2643.5057628057900000,0.0167059640964383,1.5778514964905300,48.1301587001140000,2645.0836143022800000,1.0094144347722100,48.1242835075618000,23.4384653326446000,23.4410234105964000,45.6628397682872000,17.2297093532304000,0.0430410714973558,3.5315918404334100,98.1469902000341000,8:04:28 PM,1:31:53 PM,2:37:03 AM,785.1759216002730000,955.5315918404330000,58.8828979601084000,55.3462448273370000,34.6537551726630000,0.0232890357997472,34.6770442084628000,276.2623092826940000
-63.0,-5.0,9,7/24/11,12:00:00 AM,2455766.1250000000000000,0.1155681040383300,121.0071772229430000,4517.8710971429800000,0.0167037741714070,-0.5759363369320400,120.4312408860110000,4517.2951608060400000,1.0159245022808400,120.4302785736550000,23.4377882428133000,23.4374105387468000,122.6285554500300000,20.0570629476245000,0.0430274276890210,-6.4860967133669900,46.9641544628593000,9:26:29 PM,6:18:38 PM,12:34:21 AM,375.7132357028740000,873.5139032866330000,38.3784758216582000,88.3533853714998000,1.6466146285002000,0.3083895242312290,1.9550041527314300,324.3071093973840000
13.0,-27.0,2,8/22/00,12:00:00 AM,2451778.4166666700000000,0.0063906000456266,150.5329813305730000,587.5846424195110000,0.0167083653531715,-1.3937431202534400,149.1392382103200000,586.1908992992580000,1.0114204390765200,149.1291378253070000,23.4392080066765000,23.4382209235955000,151.2564381205200000,11.7763847815884000,0.0430304878583614,-2.9364734787271600,93.6334330954860000,3:50:56 PM,9:36:24 AM,10:05:28 PM,749.0674647638880000,1209.0635265212700000,122.2658816303180000,117.6007018232310000,-27.6007018232310000,0.0110366627697538,-27.5896651604612000,290.9196152962660000
72.0,-29.0,-13,1/17/15,12:00:00 AM,2457040.0416666700000000,0.1504460415240660,296.6397796051550000,5773.4437212774300000,0.0167023068320232,0.4541793214311990,297.0939589265860000,5773.8979005988600000,0.9837718124419130,297.0894299182500000,23.4373346837182000,23.4348513428718000,-60.8613027133212000,-20.7368524274681000,0.0430177644456490,-10.0134144418569000,#NUM!,1:06:01 AM,#NUM!,#NUM!,#NUM!,653.9865855581430000,-16.5033536104642000,93.4199949442757000,-3.4199949442756900,0.0965509980115548,-3.3234439462641300,#REF!
45.0,94.0,-11,6/25/02,12:00:00 AM,2452450.9583333300000000,0.0248037873602598,93.4218998555127000,1250.4418984699000000,0.0167075912452414,0.3114874542758610,93.7333873097886000,1250.7533859241700000,1.0164841971399000,93.7230385834483000,23.4389685584332000,23.4395415549841000,94.0568226070092000,23.3871271051085000,0.0430354750693553,-2.5796318535175300,117.0567111199750000,###############################################################################################################################################################################################################################################################,###############################################################################################################################################################################################################################################################,2:34:48 AM,936.4536889597980000,1033.4203681464800000,78.3550920366206000,65.6895409705036000,24.3104590294964000,0.0355166267901754,24.3459756562866000,279.4532821875710000
29.0,131.0,2,12/4/06,12:00:00 AM,2454073.4166666700000000,0.0692242756103083,252.5936743481270000,2849.5372882477800000,0.0167057234119797,-0.9882475029196710,251.6054268452070000,2848.5490407448600000,0.9856746566032730,251.6004721705060000,23.4383909064754000,23.4409204341446000,-109.9290813973720000,-22.1768703379969000,0.0430406825801330,10.0567612095400000,77.9949280708639000,5:05:57 AM,###############################################################################################################################################################################################################################################################,10:17:55 AM,623.9594245669110000,414.0567612095400000,-76.4858096976150000,89.6409241369963000,0.3590758630037390,0.4337995803727760,0.7928754433765140,#REF!
87.0,64.0,6,3/17/06,12:00:00 AM,2453811.2500000000000000,0.0620465434633812,354.1897911395300000,2591.1457478672200000,0.0167060252616861,1.8236541570912200,356.0134452966220000,2592.9694020243100000,0.9948542041359480,356.0073359042080000,23.4384842470082000,23.4410343743624000,-3.6640872124267000,-1.5872198656871700,0.0430411129049681,-8.5876594434373400,75.4730981629913000,1:52:35 PM,8:50:42 AM,6:54:29 PM,603.7847853039310000,1327.4123405565600000,151.8530851391410000,94.2316877855441000,-4.2316877855441100,0.0779819610025412,-4.1537058245415700,331.7810590370310000
20.0,17.0,-4,7/8/14,12:00:00 AM,2456846.6666666700000000,0.1451517225644490,106.0402208588850000,5582.8532670394300000,0.0167025295875934,-0.0933273633777520,105.9468934955070000,5582.7599396760500000,1.0166835326485800,105.9431702929480000,23.4374035320061000,23.4350702812977000,107.2942677679620000,22.4831377282914000,0.0430185910872191,-5.0262085460670600,99.6355033152247000,6:57:02 AM,12:18:29 AM,1:35:34 PM,797.0840265217970000,302.9737914539330000,-104.2565521365170000,94.7628070374297000,-4.7628070374297100,0.0692521899864078,-4.6935548474433000,#REF!
-56.0,167.0,-5,6/5/02,12:00:00 AM,2452430.7083333300000000,0.0242493725758655,73.4625408039406000,1230.4834927691500000,0.0167076145546214,0.9263653667418000,74.3889061706824000,1231.4098581358900000,1.0146065336861300,74.3785382379249000,23.4389757681394000,23.4395019712011000,73.0510212941249000,22.5250439347811000,0.0430353255812498,1.6001217135402100,54.0760631908950000,###############################################################################################################################################################################################################################################################,###############################################################################################################################################################################################################################################################,###############################################################################################################################################################################################################################################################,432.6085055271600000,969.6001217135400000,62.4000304283851000,94.4900585245662000,-4.4900585245661800,0.0734777969596591,-4.4165807276065200,304.8032006779720000
-5.0,-17.0,-13,10/30/07,12:00:00 AM,2454404.0416666700000000,0.0782762947752638,218.4733332072660000,3175.4013811878400000,0.0167053427230830,-1.7445861100552600,216.7287470972100000,3173.6567950777800000,0.9930652946469630,216.7251792395130000,23.4382731923652000,23.4405670680911000,-145.6087164942130000,-13.7610949851353000,0.0430393480162350,16.3599942799946000,92.0889617894963000,###############################################################################################################################################################################################################################################################,###############################################################################################################################################################################################################################################################,6:00:00 AM,736.7116943159710000,728.3599942799950000,2.0899985699986700,8.9999919852911700,81.0000080147088000,0.0025560693163744,81.0025640840252000,193.0873688418700000
83.0,-62.0,11,11/14/03,12:00:00 AM,2452957.0416666700000000,0.0386595938854623,232.2416016449570000,1749.2377742440200000,0.0167070086772906,-1.5024884085122000,230.7391132364440000,1747.7352858355100000,0.9896032727600730,230.7297472610840000,23.4387883750931000,23.4404247518649000,-131.7064117579080000,-17.9363802891438000,0.0430388105343234,15.7904212091976000,#NUM!,2:52:13 AM,#NUM!,#NUM!,#NUM!,547.7904212091980000,-43.0523946977006000,102.7642389604210000,-12.7642389604210000,0.0254703231957325,-12.7387686372253000,#REF!
57.0,143.0,-8,5/21/18,12:00:00 AM,2458259.8333333300000000,0.1838421172712800,58.9242191907351000,6975.6707298741300000,0.0167009015467193,1.3175104397303800,60.2417296304655000,6976.9882403138600000,1.0120815649758200,60.2323493734818000,23.4369003951678000,23.4352732645798000,58.0614792533979000,20.1960185751649000,0.0430193574949424,3.4082824976760600,126.5040955030470000,###############################################################################################################################################################################################################################################################,###############################################################################################################################################################################################################################################################,2:50:36 AM,1012.0327640243800000,1055.4082824976800000,83.8520706244190000,69.8622048263637000,20.1377951736363000,0.0436208642292649,20.1814160378656000,276.3433217500210000
-60.0,3.0,-8,6/12/09,12:00:00 AM,2454994.8333333300000000,0.0944512890714165,80.7855807117216000,3757.6858138660900000,0.0167046624208648,0.7130007181784780,81.4985814299001000,3758.3988145842600000,1.0154940931846500,81.4969291776514000,23.4380628497684000,23.4394329951941000,80.7448586866034000,23.1666604898078000,0.0430350650941207,0.1568016883380350,44.8025922776439000,3:47:51 AM,12:48:38 AM,6:47:03 AM,358.4207382211510000,492.1568016883380000,-56.9607995779155000,95.1679728486106000,-5.1679728486106200,0.0637967004133506,-5.1041761481972700,#REF!
57.0,22.0,-5,1/19/12,12:00:00 AM,2455945.7083333300000000,0.1204848277435590,298.0130160044930000,4694.8684808911600000,0.0167035673400437,0.5012538888277290,298.5142698933200000,4695.3697347799900000,0.9838755385865370,298.5131260970220000,23.4377243048321000,23.4369334744740000,-59.3701532544357000,-20.4565344829604000,0.0430256262574862,-10.4727959311884000,56.9130497805458000,5:42:28 AM,1:54:49 AM,9:30:07 AM,455.3043982443660000,377.5272040688120000,-85.6181989827971000,104.7217460752000000,-14.7217460752005000,0.0219599718839100,-14.6997861033166000,#REF!
86.0,-125.0,2,10/19/12,12:00:00 AM,2456219.4166666700000000,0.1279785535021630,207.7929127736820000,4964.6354910484500000,0.0167032520903892,-1.8614427739044800,205.9314699997780000,4962.7740482745500000,0.9960434290876470,205.9298119519490000,23.4376268550430000,23.4362518230031000,-155.9580774139740000,-10.0155036203224000,0.0430230523597280,15.0231981692450000,#NUM!,10:04:59 PM,#NUM!,#NUM!,#NUM!,835.0231981692450000,28.7557995423113000,96.5037921624565000,-6.5037921624564800,0.0506128569153450,-6.4531793055411300,208.4775804918860000
52.0,36.0,-2,7/16/09,12:00:00 AM,2455028.5833333300000000,0.0953753137120736,114.0511791704480000,3790.9498233473400000,0.0167046235554172,-0.3562932763420290,113.6948858941060000,3790.5935300710000000,1.0164113581949100,113.6933114647220000,23.4380508335818000,23.4393528707739000,115.5617196745150000,21.3613863340255000,0.0430347625062033,-6.0440872584767800,121.7331941126730000,7:42:03 AM,###############################################################################################################################################################################################################################################################,3:48:59 PM,973.8655529013870000,257.9559127415230000,-115.5110218146190000,87.7022738239879000,2.2977261760121500,0.2652462743793770,2.5629724503915200,#REF!
52.0,173.0,-7,1/22/06,12:00:00 AM,2453757.7916666700000000,0.0605829340634226,301.4987259561770000,2538.4571995007800000,0.0167060868101748,0.6183055842778970,302.1170315404550000,2539.0755050850600000,0.9841829218716800,302.1106875002470000,23.4385032800499000,23.4410392026151000,-55.6274742034434000,-19.6911615992093000,0.0430411311401703,-11.5278225574026000,64.3430252023464000,###############################################################################################################################################################################################################################################################,###############################################################################################################################################################################################################################################################,###############################################################################################################################################################################################################################################################,514.7442016187710000,1100.4721774426000000,95.1180443606494000,108.4955174954040000,-18.4955174954043000,0.0172491968234573,-18.4782682985809000,261.4336378662800000
5.0,14.0,-3,2/26/04,12:00:00 AM,2453061.6250000000000000,0.0415229295003422,335.3238881319010000,1852.3151370059400000,0.0167068882821623,1.5344829803358200,336.8583711122370000,1853.8496199862800000,0.9899652911676530,336.8493171658690000,23.4387511397689000,23.4405698745504000,-21.4198324863691000,-8.9976750403640300,0.0430393586153515,-13.0720734321844000,90.0528396677885000,8:17:04 AM,2:16:52 AM,2:17:17 PM,720.4227173423080000,222.9279265678160000,-124.2680183580460000,124.5865540952160000,-34.5865540952163000,0.0083682919692441,-34.5781858032471000,#REF!
17.0,39.0,5,6/15/03,12:00:00 AM,2452805.2916666700000000,0.0345049053159894,82.6696146478630000,1599.6729315390000000,0.0167071833664477,0.6522639395935990,83.3218785874566000,1600.3251954785900000,1.0157006838014300,83.3121215867144000,23.4388424033971000,23.4401875036039000,82.7167642140011000,23.2712543251703000,0.0430379145331941,-0.2292913927928200,98.5130869575716000,2:24:14 PM,7:50:11 AM,8:58:17 PM,788.1046956605730000,1295.7707086072100000,143.9426771518020000,126.4909898667130000,-36.4909898667130000,0.0078002725504722,-36.4831895941625000,317.7346379612450000
-53.0,22.0,3,10/21/02,12:00:00 AM,2452568.3750000000000000,0.0280184804928131,209.1533274461340000,1366.1677981895000000,0.0167074560876716,-1.8492512995455500,207.3040761465880000,1364.3185468899600000,0.9956080603244590,207.2938706999140000,23.4389267540035000,23.4397666080392000,-154.6661044940620000,-10.5099335448107000,0.0430363249872668,15.2679934737264000,105.7095232705230000,1:16:44 PM,6:13:54 AM,8:19:34 PM,845.6761861641870000,1363.2679934737300000,160.8169983684320000,114.4051838865880000,-24.4051838865877000,0.0127168359414898,-24.3924670506462000,200.7796099021460000
50.0,25.0,1,6/5/16,12:00:00 AM,2457544.4583333300000000,0.1642562172028330,73.8167368460572000,6270.5969293831200000,0.0167017257430182,0.9227867068664570,74.7395235529237000,6271.5197160899900000,1.0146171612372700,74.7327864433044000,23.4371550936967000,23.4346572728775000,73.4326255902927000,22.5610308835499000,0.0430170317065221,1.5062577476106600,121.3067616995740000,11:18:30 AM,3:13:16 AM,7:23:43 PM,970.4540935965900000,41.5062577476107000,-169.6234355630970000,106.8568551409720000,-16.8568551409723000,0.0190428484850790,-16.8378122924872000,#REF!
4.0,-86.0,0,10/20/02,12:00:00 AM,2452567.5000000000000000,0.0279945242984257,208.2908860055830000,1365.3053979432000000,0.0167074570948881,-1.8565438874188300,206.4343421181640000,1363.4488540557800000,0.9958522211637480,206.4241354048070000,23.4389270655340000,23.4397649636279000,-155.4907029134840000,-10.1961824387739000,0.0430363187770779,15.1145008377113000,90.1277937204308000,5:28:53 PM,11:28:22 AM,11:29:24 PM,721.0223497634470000,1111.1145008377100000,97.7786252094278000,98.3507275583809000,-8.3507275583808700,0.0393082442375666,-8.3114193141433000,260.2651706201640000
0.0,145.0,0,5/27/01,12:00:00 AM,2452056.5000000000000000,0.0140041067761807,64.6250847834867000,861.6636540721160000,0.0167080452845157,1.1683499418592100,65.7934347253459000,862.8320040139750000,1.0132118613695800,65.7830107131737000,23.4391089993418000,23.4387547448481000,63.8847610778050000,21.2700613951805000,0.0430325037346272,2.9140479597378400,90.8938958179673000,2:17:05 AM,###############################################################################################################################################################################################################################################################,8:20:40 AM,727.1511665437380000,582.9140479597380000,-34.2714880100656000,39.6383466317094000,50.3616533682906000,0.0133584090890720,50.3750117773797000,#REF!
14.0,23.0,13,12/26/12,12:00:00 AM,2456286.9583333300000000,0.1298277435546470,274.3651783696290000,5031.2045766703200000,0.0167031742955849,-0.2988269032551200,274.0663514663740000,5030.9057497670600000,0.9835009343007740,274.0645254016510000,23.4376028078356000,23.4360957465923000,-85.5714142514302000,-23.3736420281828000,0.0430224630310928,-0.2658395181505380,84.7538280419325000,11:28:16 PM,5:49:15 PM,5:07:17 AM,678.0306243354600000,751.7341604818490000,7.9335401204623700,38.1710558161927000,51.8289441838073000,0.0126774183332887,51.8416216021406000,191.8300077250630000
-47.0,-5.0,7,1/19/06,12:00:00 AM,2453754.2083333300000000,0.0604848277435589,297.9668229122930000,2534.9254651600700000,0.0167060909357750,0.5032061227509520,298.4700290350440000,2535.4286712828200000,0.9838775179297590,298.4636693170350000,23.4385045558422000,23.4410393044496000,-59.4210673976866000,-20.4700838155935000,0.0430411315247758,-10.4756776341157000,115.0277921244420000,7:30:29 PM,11:50:22 AM,3:10:35 AM,920.2223369955340000,989.5243223658840000,67.3810805914711000,59.9006002308572000,30.0993997691428000,0.0277422511709616,30.1271420203138000,271.6565466751750000
-20.0,110.0,2,2/20/14,12:00:00 AM,2456708.4166666700000000,0.1413666438512390,329.7744729873560000,5446.5940282576600000,0.0167026888383527,1.4106036843812700,331.1850766717370000,5448.0046319420400000,0.9886733396532190,331.1818925808830000,23.4374527538609000,23.4352727470514000,-26.7838695735281000,-11.0525795610299000,0.0430193555408915,-13.8008512955669000,94.9829232695560000,6:53:48 AM,12:33:52 AM,1:13:44 PM,759.8633861564480000,306.1991487044330000,-103.4502128238920000,98.5660861331339000,-8.5660861331338700,0.0383056836776558,-8.5277804494562100,#REF!
-16.0,13.0,11,2/16/07,12:00:00 AM,2454147.0416666700000000,0.0712400182523343,325.1619613260700000,2922.1021089462500000,0.0167056386403325,1.3035388456208400,326.4655001716910000,2923.4056477918700000,0.9877340459233830,326.4608649332470000,23.4383646933907000,23.4408615905957000,-31.3063995303049000,-12.6966009627344000,0.0430404603430943,-14.1716795708111000,94.5946605221536000,10:22:10 PM,4:03:48 PM,4:40:33 AM,756.7572841772290000,817.8283204291890000,24.4570801072972000,23.9083272548277000,66.0916727451723000,0.0071528838834837,66.0988256290558000,274.7408482088000000
-47.0,-137.0,1,12/15/17,12:00:00 AM,2458102.4583333300000000,0.1795334245950300,263.8079654101710000,6820.5618857783300000,0.0167010828696042,-0.6496525428548000,263.1583128673160000,6819.9122332354700000,0.9842834908081910,263.1494119156050000,23.4369564261672000,23.4350600282196000,-97.4598325408579000,-23.2578657466102000,0.0430185523746789,5.0150727788932000,118.9537030816830000,10:02:59 PM,2:07:10 PM,5:58:48 AM,951.6296246534610000,837.0150727788930000,29.2537681947233000,33.3366982511588000,56.6633017488412000,0.0106105406847768,56.6739122895260000,305.2183387379810000
25.0,-143.0,0,3/28/01,12:00:00 AM,2451996.5000000000000000,0.0123613963039014,5.4862431604985900,802.5276371752820000,0.0167081143446233,1.9031720502106000,7.3894152107091800,804.4308092254930000,0.9981034472989740,7.3790351364622000,23.4391303614292000,23.4386361294963000,6.7760778578965800,2.9283016846965200,0.0430320558014863,-5.1745997632526100,92.2875704636488000,9:37:10 PM,3:28:01 PM,3:46:19 AM,738.3005637091900000,862.8254002367470000,35.7063500591869000,40.8374295268517000,49.1625704731483000,0.0139365805052160,49.1765070536535000,243.0437687593440000
88.0,128.0,11,6/21/13,12:00:00 AM,2456464.0416666700000000,0.1346760209901850,88.9068987872324000,5205.7379596950200000,0.0167029703260678,0.4621712383195030,89.3690700255519000,5206.2001309333400000,1.0162057352392400,89.3667338367832000,23.4375397599458000,23.4357156642470000,89.3098021063161000,23.4341986801869000,0.0430210278971343,-1.6178413697328400,#NUM!,2:29:37 PM,#NUM!,#NUM!,#NUM!,1290.3821586302700000,142.5955396575670000,68.1599358500145000,21.8400641499855000,0.0399686837977639,21.8800328337833000,323.0993027297490000
-50.0,89.0,-7,9/27/18,12:00:00 AM,2458388.7916666700000000,0.1873728040155100,186.0316604090000000,7102.7720993364800000,0.0167007529611821,-1.8932370840570600,184.1384233249430000,7100.8788622524200000,1.0023758348320500,184.1287079995530000,23.4368544814979000,23.4354738917536000,-176.2108385024180000,-1.6408569237918300,0.0430201150139264,8.9091749252298800,93.2541850817008000,###############################################################################################################################################################################################################################################################,###############################################################################################################################################################################################################################################################,5:08:06 AM,746.0334806536060000,784.9091749252300000,16.2272937313075000,50.2930183919095000,39.7069816080905000,0.0194006724736697,39.7263822805642000,338.7098415521800000
-17.0,-72.0,13,6/17/03,12:00:00 AM,2452806.9583333300000000,0.0345505361624501,84.3123602493979000,1601.3155986750300000,0.0167071814478645,0.6014064422303540,84.9137666916283000,1601.9170051172600000,1.0158556860934700,84.9040135644132000,23.4388418100056000,23.4401902637442000,84.4483914191823000,23.3420341248322000,0.0430379249571907,-0.5842509632968870,83.3746337170621000,5:48:35 AM,12:15:05 AM,11:22:05 AM,666.9970697364970000,371.4157490367030000,-87.1460627408242000,94.1360964367964000,-4.1360964367964500,0.0797907367611267,-4.0563057000353200,#REF!
-28.0,180.0,4,7/31/13,12:00:00 AM,2456504.3333333300000000,0.1357791467031760,128.6202737646140000,5245.4494376673000000,0.0167029239161718,-0.8072271458270040,127.8130466187870000,5244.6422105214700000,1.0151335593306400,127.8105813033940000,23.4375254146967000,23.4356357122892000,130.2226323000570000,18.3133906427977000,0.0430207260138258,-6.4171050631871800,80.8720268527726000,4:06:25 AM,###############################################################################################################################################################################################################################################################,9:29:54 AM,646.9762148221810000,473.5828949368130000,-61.6042762657968000,75.4566839868789000,14.5433160131211000,0.0611170368652611,14.6044330499864000,#REF!
-2.0,34.0,-7,8/19/12,12:00:00 AM,2456158.7916666700000000,0.1263187314624640,148.0380414357460000,4904.8834740337600000,0.0167033219178069,-1.3308678759691400,146.7071735597770000,4903.5526061577900000,1.0119725514740600,146.7056529648740000,23.4376484396740000,23.4363964932628000,148.9286533668280000,12.6109933948656000,0.0430235986237998,-3.5706428251771200,90.4064489257485000,2:47:34 AM,###############################################################################################################################################################################################################################################################,8:49:12 AM,723.2515914059880000,552.4293571748230000,-41.8926607062943000,44.0794152930713000,45.9205847069287000,0.0156107951606729,45.9361955020894000,#REF!
32.0,-109.0,-8,1/19/00,12:00:00 AM,2451562.8333333300000000,0.0004882500570428,298.0438379231550000,375.1056483575430000,0.0167086134754021,0.5092098079917290,298.5530477311460000,375.6148581655340000,0.9838891495876490,298.5433993996730000,23.4392847618260000,23.4378496866502000,-59.3383397488926000,-20.4511850358237000,0.0430290859815017,-10.5124076043270000,77.6005309537618000,11:26:31 AM,6:16:07 AM,4:36:55 PM,620.8042476300950000,33.4875923956731000,-171.6281019010820000,166.2367721845090000,-76.2367721845086000,0.0014133219743788,-76.2353588625342000,#REF!
-30.0,-163.0,-9,4/21/03,12:00:00 AM,2452750.8750000000000000,0.0330150581793292,29.0339707685766000,1546.0398495574200000,0.0167072460078971,1.8291038105631800,30.8630745791398000,1547.8689533679800000,1.0048733356457200,30.8531964608515000,23.4388617776315000,23.4400956782821000,28.7263071037661000,11.7711244555834000,0.0430375677447763,1.1979835129391400,84.0786387802895000,1:50:48 PM,8:14:29 AM,7:27:07 PM,672.6291102423160000,1329.1979835129400000,152.2994958782350000,148.5006685823500000,-58.5006685823496000,0.0035357679342568,-58.4971328144154000,240.5720662841310000
7.0,169.0,8,1/22/05,12:00:00 AM,2453392.1666666700000000,0.0505726671229709,301.1214095587450000,2178.0970966661600000,0.0167065077527449,0.6066918068794700,301.7281013656250000,2178.7037884730400000,0.9841485259072160,301.7202245393970000,23.4386334553650000,23.4409098385452000,-56.0318411287481000,-19.7782951175893000,0.0430406425632173,-11.4253630620096000,88.3618540768133000,8:55:26 AM,3:01:59 AM,2:48:52 PM,706.8948326145070000,184.5746369379900000,-133.8563407655020000,133.5003559784630000,-43.5003559784628000,0.0060802356657776,-43.4942757427971000,#REF!
9.0,87.0,-1,2/18/13,12:00:00 AM,2456341.5416666700000000,0.1313221537759480,328.1650968966180000,5085.0019253208400000,0.0167031114256158,1.3736101327951800,329.5387070294130000,5086.3755354536400000,0.9883325234385390,329.5367341535310000,23.4375833742506000,23.4359738803842000,-28.3539507123040000,-11.6329047810116000,0.0430220028797378,-13.9555505046228000,88.9927754130199000,5:25:57 AM,###############################################################################################################################################################################################################################################################,11:21:56 AM,711.9422033041590000,394.0444494953770000,-81.4888876261557000,83.5905409905035000,6.4094590094964600,0.1312860714876870,6.5407450809841500,#REF!
-66.0,73.0,-4,2/13/04,12:00:00 AM,2453048.6666666700000000,0.0411681496691721,322.5515410807240000,1839.5434000262800000,0.0167069031997591,1.2387100801378100,323.7902511608620000,1840.7821101064200000,0.9872329548967250,323.7811567861110000,23.4387557533888000,23.4405527815845000,-33.8992228406435000,-13.5943893615903000,0.0430392940606010,-14.2610256552791000,125.4445043640470000,3:22:16 AM,###############################################################################################################################################################################################################################################################,11:44:02 AM,1003.5560349123700000,517.7389743447210000,-50.5652564138198000,62.2349746305862000,27.7650253694138000,0.0305228011114550,27.7955481705252000,#REF!
-30.0,26.0,2,9/13/03,12:00:00 AM,2452895.4166666700000000,0.0369723933378922,171.5010830361430000,1688.5001569023400000,0.0167070796183077,-1.7674585501598900,169.7336244859830000,1686.7326983521800000,1.0063635404426600,169.7240905439900000,23.4388103157475000,23.4403319713286000,170.5561702204130000,4.0692345406413300,0.0430384601344926,3.7192323966945200,88.6107946601861000,12:12:17 PM,6:17:50 AM,6:06:43 PM,708.8863572814890000,1427.7192323966900000,176.9298080991740000,153.9072459699230000,-63.9072459699226000,0.0028257890518077,-63.9044201808708000,186.9767749277370000
-15.0,61.0,-8,3/8/07,12:00:00 AM,2454167.8333333300000000,0.0718092630618340,345.6552127144810000,2942.5943814582400000,0.0167056147006712,1.7157139259378700,347.3709266404180000,2944.3100953841800000,0.9925341180883880,347.3663807901840000,23.4383572908274000,23.4408428727184000,-11.6205564532188000,-4.9913645885823000,0.0430403896505880,-10.9065435850379000,92.2070088041969000,12:06:54 AM,###############################################################################################################################################################################################################################################################,6:15:44 AM,737.6560704335750000,713.0934564149620000,-1.7266358962594700,10.1516592148395000,79.8483407851605000,0.0028896776525677,79.8512304628130000,#REF!
-77.0,91.0,7,3/1/09,12:00:00 AM,2454891.2083333300000000,0.0916141911932509,338.6478728546440000,3655.5529847534800000,0.0167047817508314,1.5972216457012600,340.2450945003450000,3657.1502063991900000,0.9907445179104420,340.2431791036040000,23.4380997439115000,23.4396703986967000,-18.2387097287559000,-7.7275210472626200,0.0430359616494147,-12.4672128929093000,130.7664530297810000,1:08:28 PM,4:25:24 AM,9:51:32 PM,1046.1316242382500000,1371.5327871070900000,162.8831967767730000,94.7046254413389000,-4.7046254413389100,0.0701125582324953,-4.6345128831064100,197.0157016387330000
-67.0,-70.0,4,3/7/08,12:00:00 AM,2454532.3333333300000000,0.0817887291809306,344.9236759591100000,3301.8456839113500000,0.0167051949996449,1.7043189289922100,346.6279948881020000,3303.5500028403400000,0.9923381924195520,346.6249187855940000,23.4382275160246000,23.4403708422797000,-12.3063656341071000,-5.2798109814129600,0.0430386069363735,-11.0853572981647000,104.7779993252760000,8:51:05 PM,1:51:58 PM,3:50:12 AM,838.2239946022090000,908.9146427018350000,47.2286606754588000,69.5790793676874000,20.4209206323126000,0.0429742841691174,20.4638949164817000,308.7419163714140000
43.0,-62.0,-9,7/8/01,12:00:00 AM,2452098.8750000000000000,0.0151642710472279,106.3918916807080000,903.4284660050050000,0.0167079965104027,-0.1121580762280090,106.2797336044800000,903.3163079287770000,1.0166801021221600,106.2692873237580000,23.4390939123671000,23.4388391986596000,107.6451095688190000,22.4477938104835000,0.0430328226633570,-5.0518153439348800,114.0023013145280000,7:13:03 AM,###############################################################################################################################################################################################################################################################,2:49:04 PM,912.0184105162260000,286.9481846560650000,-108.2629538359840000,87.2148453186290000,2.7851546813710300,0.2389650652472430,3.0241197466182700,#REF!
8.0,-157.0,-12,1/16/01,12:00:00 AM,2451926.0000000000000000,0.0104312114989733,295.9981042555780000,733.0428173204420000,0.0167081954893760,0.4410475107057160,296.4391517662840000,733.4838648311480000,0.9837384217742960,296.4288417305070000,23.4391554618810000,23.4384987297697000,-61.5542004242811000,-20.8665928963797000,0.0430315369351174,-9.8320444778497700,87.8301472548804000,10:37:50 AM,4:46:31 AM,4:29:09 PM,702.6411780390430000,82.1679555221502000,-159.4580111194620000,156.3560092182500000,-66.3560092182498000,0.0025261284865111,-66.3534830897633000,#REF!
-57.0,33.0,-5,3/11/08,12:00:00 AM,2454536.7083333300000000,0.0819085101528676,349.2358831657740000,3306.1576851408800000,0.0167051899619279,1.7655376964016000,351.0014208621760000,3307.9232228372800000,0.9934842404785330,350.9983609201150000,23.4382259583709000,23.4403636066458000,-8.2694998773018500,-3.5683947540827100,0.0430385796099145,-9.9766397574583200,97.0521244316696000,4:57:59 AM,###############################################################################################################################################################################################################################################################,11:26:11 AM,776.4169954533570000,422.0233602425420000,-74.4941599393646000,78.6081151734210000,11.3918848265790000,0.0777933530311388,11.4696781796102000,#REF!
33.0,67.0,-2,4/29/03,12:00:00 AM,2452758.5833333300000000,0.0332261008441749,36.6316691742345000,1553.6371850603800000,0.0167072371345253,1.7390463164127900,38.3707154906473000,1555.3762313768000000,1.0069315759372900,38.3608538920604000,23.4388590331956000,23.4401088819890000,35.9857553044437000,14.2925776616931000,0.0430376176099333,2.5456908699193100,100.5638234605680000,5:29:27 AM,###############################################################################################################################################################################################################################################################,12:11:43 PM,804.5105876845470000,390.5456908699190000,-82.3635772825202000,75.9684979825823000,14.0315020174177000,0.0633570144456030,14.0948590318633000,#REF!
-58.0,120.0,11,12/29/07,12:00:00 AM,2454463.0416666700000000,0.0798916267396718,276.6265275344230000,3233.5517977703400000,0.0167052747870022,-0.2195321749744640,276.4069953594490000,3233.3322655953600000,0.9834050166287360,276.4036577840370000,23.4382521862925000,23.4404807088165000,-83.0257792544428000,-23.2855760433169000,0.0430390218650229,-1.4062077726111500,135.9392386911820000,3:01:24 PM,5:57:39 AM,12:05:10 AM,1087.5139095294600000,1258.5937922273900000,134.6484480568470000,90.3909928405664000,-0.3909928405663980,0.5428335895145880,0.1518407489481910,220.8058767438660000
-29.0,102.0,-10,4/6/01,12:00:00 AM,2452005.9166666700000000,0.0126192105863521,14.7677558038451000,811.8087064937150000,0.0167081035060683,1.9120382806339700,16.6797940844791000,813.7207447743490000,1.0008069811805100,16.6694061565743000,23.4391270087684000,23.4386546559299000,15.3616134716952000,6.5516635600537900,0.0430321257636264,-2.3966960672417800,87.3100947311182000,###############################################################################################################################################################################################################################################################,###############################################################################################################################################################################################################################################################,1:03:38 AM,698.4807578489450000,1005.6033039327600000,71.4008259831896000,77.1841609486657000,12.8158390513343000,0.0693322930447982,12.8851713443791000,285.0632770906440000
23.0,8.0,4,4/9/00,12:00:00 AM,2451643.3333333300000000,0.0026922199406842,17.3884504185039000,454.4464710353150000,0.0167085208262320,1.9054546481905000,19.2939050666944000,456.3519256835060000,1.0015732996894700,19.2840685117656000,23.4392561010331000,23.4379825730556000,17.7973811307949000,7.5481747748906800,0.0430295877885674,-1.6573595824250900,94.1390907611930000,3:29:39 PM,9:13:06 AM,9:46:13 PM,753.1127260895440000,1230.3426404175700000,127.5856601043940000,120.3491121688860000,-30.3491121688855000,0.0098547700580387,-30.3392573988275000,294.4498507474070000
87.0,-90.0,0,9/23/16,12:00:00 AM,2457654.5000000000000000,0.1672689938398360,182.2790154068210000,6379.0540268975900000,0.0167015989683773,-1.8712864952327900,180.4077289115880000,6377.1827404023500000,1.0034399397987100,180.4005236999800000,23.4371159150085000,23.4346879369704000,-179.6325129444550000,-0.1592885626139000,0.0430171474827580,7.5916430631361000,102.9874176857610000,5:52:25 PM,11:00:28 AM,12:44:21 AM,823.8993414860840000,1087.5916430631400000,91.8979107657840000,90.2583813612128000,-0.2583813612127560,0.5211166930383740,0.2627353318256180,271.8869796108020000
4.0,39.0,-11,5/25/08,12:00:00 AM,2454611.9583333300000000,0.0839687428701845,63.4058471217527000,3380.3241062881500000,0.0167051033126260,1.2027202600490100,64.6085673818017000,3381.5268265482000000,1.0129700020362500,64.6057784486540000,23.4381991667267000,23.4402337642210000,62.6424870548338000,21.0607115697563000,0.0430380892420707,3.0383682939267300,92.4383399534386000,###############################################################################################################################################################################################################################################################,###############################################################################################################################################################################################################################################################,4:30:43 AM,739.5067196275090000,819.0383682939270000,24.7595920734817000,29.4928472059312000,60.5071527940688000,0.0091247674958986,60.5162775615647000,307.4511196886450000
61.0,-108.0,-4,7/25/10,12:00:00 AM,2455402.6666666700000000,0.1056171571982620,122.7654297757400000,4159.6464617525400000,0.0167041927582264,-0.6311405877190910,122.1342891880210000,4159.0153211648200000,1.0157636068338700,122.1332951132440000,23.4379176467612000,23.4383956774109000,124.3953891462590000,19.6839013327247000,0.0430311477778809,-6.5208173021073900,132.6267089582760000,3:18:31 PM,6:28:01 AM,12:09:02 AM,1061.0136716662100000,1241.4791826978900000,130.3697956744730000,90.0613989570536000,-0.0613989570536262,0.4908915863034120,0.4294926292497860,314.1630549588350000
22.0,-132.0,-2,5/26/15,12:00:00 AM,2457168.5833333300000000,0.1539653205567010,63.3365343513960000,5900.1344239931300000,0.0167021587563557,1.2073562804047500,64.5438906318008000,5901.3417802735300000,1.0129332210329700,64.5388038736949000,23.4372889183747000,23.4347493864409000,62.5729055379845000,21.0435860198965000,0.0430173794936635,3.0297799741436700,99.9183247556956000,6:44:58 PM,12:05:18 PM,1:24:39 AM,799.3465980455640000,1035.0297799741400000,78.7574449935360000,72.3486721979266000,17.6513278020734000,0.0501223608011508,17.7014501628746000,286.1318755403320000
-77.0,-68.0,1,4/4/08,12:00:00 AM,2454560.4583333300000000,0.0825587497148115,12.6450080021004000,3329.5656918154100000,0.0167051626142577,1.9141632610302900,14.5591712631307000,3331.4798550764400000,1.0001534401631900,14.5561982921337000,23.4382175025364000,23.4403237200774000,13.4001013503783000,5.7378623970618200,0.0430384289724602,-3.0123685212036200,68.2673209901030000,5:35:01 PM,1:01:57 PM,10:08:05 PM,546.1385679208240000,1104.9876314788000000,96.2469078696991000,96.9942585884812000,-6.9942585884811900,0.0470318405533116,-6.9472267479278800,265.2030121824130000
45.0,94.0,5,3/15/15,12:00:00 AM,2457096.2916666700000000,0.1519860825918280,352.0824437556130000,5828.8837370528700000,0.0167022420343053,1.7986538999631100,353.8810976555760000,5830.6823909528300000,0.9942287640812300,353.8763261296090000,23.4373146567444000,23.4348023605799000,-5.6219314771175600,-2.4315132234161800,0.0430175795053359,-9.1831324750642600,88.7459858773187000,10:53:11 AM,4:58:12 AM,4:48:10 PM,709.9678870185500000,66.8168675249357000,-163.2957831187660000,134.9635805116360000,-44.9635805116362000,0.0057773399519690,-44.9578031716842000,#REF!
35.0,-146.0,-13,1/21/05,12:00:00 AM,2453392.0416666700000000,0.0505692448094870,300.9982036386200000,2177.9738966309900000,0.0167065078966526,0.6027071563926880,301.6009107950130000,2178.5766037873900000,0.9841370422679130,301.5930334777600000,23.4386334998694000,23.4409097477304000,-56.1636480903708000,-19.8065169187507000,0.0430406422202328,-11.3907630367638000,76.5075904238829000,8:55:23 AM,3:49:22 AM,2:01:25 PM,612.0607233910630000,184.6092369632360000,-133.8476907591910000,136.7395574888360000,-46.7395574888365000,0.0054298565706284,-46.7341276322658000,#REF!
-10.0,-64.0,-6,10/25/08,12:00:00 AM,2454764.7500000000000000,0.0881519507186858,214.0045502450080000,3530.9156158892100000,0.0167049273718915,-1.8012426133478200,212.2033076316600000,3529.1143732758600000,0.9942831240812820,212.2010245038460000,23.4381447675234000,23.4399404376431000,-149.9811349490650000,-12.2382680672509000,0.0430369814648848,15.9735573844003000,93.0583063229077000,10:00:02 AM,3:47:48 AM,4:12:16 PM,744.4664505832610000,119.9735573844000000,-150.0066106539000000,142.8192204722920000,-52.8192204722924000,0.0043766183576461,-52.8148438539347000,#REF!
-23.0,-79.0,-5,3/3/16,12:00:00 AM,2457450.7083333300000000,0.1616894820898970,341.4122965769960000,6178.1969031000000000,0.0167018337468614,1.6444110216043900,343.0567075986000000,6179.8413141216100000,0.9914032565182230,343.0503780170150000,23.4371884719820000,23.4346514918643000,-15.6226053342361000,-6.6579964814377100,0.0430170098795805,-11.8848084468046000,93.7526747462974000,12:27:53 PM,6:12:52 AM,6:42:54 PM,750.0213979703790000,1412.1151915532000000,173.0287978882990000,149.5685032125130000,-59.5685032125130000,0.0033895039774104,-59.5651137085356000,193.7688851304050000
-78.0,-52.0,-7,6/23/12,12:00:00 AM,2456101.7916666700000000,0.1247581565137990,91.8561417875808000,4848.7042580356700000,0.0167033875693401,0.3673870978361120,92.2235288854169000,4849.0716451335000000,1.0163913116375000,92.2221255960550000,23.4376687336778000,23.4365361043018000,92.4217040334631000,23.4178600771209000,0.0430241257881923,-2.2635595697330700,#NUM!,8:30:16 AM,#NUM!,#NUM!,#NUM!,209.7364404302670000,-127.5658898924330000,120.3357544899920000,-30.3357544899923000,0.0098600413175333,-30.3258944486747000,#REF!
-68.0,-58.0,7,10/18/08,12:00:00 AM,2454757.2083333300000000,0.0879454711384939,206.5711263928970000,3523.4825471036100000,0.0167049360562805,-1.8702672127065100,204.7008591801910000,3521.6122798909000000,0.9963716622271060,204.6985525999560000,23.4381474526218000,23.4399557967433000,-157.1219867653480000,-9.5677244474395400,0.0430370394696813,14.7859914449608000,117.1648363142780000,10:37:13 PM,2:48:33 PM,6:25:52 AM,937.3186905142200000,802.7859914449610000,20.6964978612402000,60.0220079957436000,29.9779920042564000,0.0278772570586291,30.0058692613150000,336.2763469378000000
4.0,75.0,6,1/27/10,12:00:00 AM,2455223.2500000000000000,0.1007049965776870,305.9238655991310000,3982.8133446956700000,0.0167043993791313,0.7567135157622300,306.6805791148930000,3983.5700582114300000,0.9846462765263410,306.6793732985850000,23.4379815254037000,23.4388681233158000,-50.9302011153460000,-18.6029534159468000,0.0430329318938173,-12.6027177084624000,89.5324620498448000,1:12:36 PM,7:14:28 AM,7:10:44 PM,716.2596963987590000,1367.3972822915400000,161.8493205728840000,157.0215055330700000,-67.0215055330705000,0.0024466641531949,-67.0190588689173000,229.1373592104260000
28.0,-178.0,-6,5/15/05,12:00:00 AM,2453505.7500000000000000,0.0536824093086927,53.0745223158565000,2290.0448619490600000,0.0167063769874357,1.4459639268013700,54.5204862426579000,2291.4908258758600000,1.0109106502309300,54.5130668279106000,23.4385930157190000,23.4409795881731000,52.1498892768242000,18.8996259528795000,0.0430409059903994,3.6646190090519800,101.5044838234730000,5:48:20 PM,11:02:19 AM,12:34:21 AM,812.0358705877860000,1091.6646190090500000,92.9161547522630000,83.7095118698879000,6.2904881301121000,0.1333583048213990,6.4238464349334900,288.0870982583200000
-49.0,61.0,-1,2/14/13,12:00:00 AM,2456337.5416666700000000,0.1312126397444630,324.2225074472430000,5081.0595241983600000,0.0167031160329000,1.2772100271860700,325.4997174744290000,5082.3367342255500000,0.9875290671939640,325.4977556830530000,23.4375847983911000,23.4359826750905000,-32.2370334280158000,-13.0197138123682000,0.0430220360873448,-14.1972280861745000,106.7828254462870000,7:10:12 AM,12:03:04 AM,2:17:20 PM,854.2626035702950000,289.8027719138260000,-107.5493070215440000,91.3011842685419000,-1.3011842685419200,0.2540299784250390,-1.0471542901168800,#REF!
-63.0,-113.0,-9,5/28/06,12:00:00 AM,2453883.8750000000000000,0.0640349075975359,65.7724307474718000,2662.7249682889600000,0.0167059416450599,1.1403799409469100,66.9128106884187000,2663.8653482299000000,1.0133949337892500,66.9070216029085000,23.4384583899604000,23.4410178398864000,65.0735002535623000,21.4647375911827000,0.0430410504580792,2.7681668841803700,42.4990560877802000,10:29:14 AM,7:39:14 AM,1:19:14 PM,339.9924487022420000,90.7681668841803000,-157.3079582789550000,135.7122894752080000,-45.7122894752083000,0.0056282914589342,-45.7066611837493000,#REF!
-39.0,59.0,-6,4/19/17,12:00:00 AM,2457862.7500000000000000,0.1729705681040380,27.5400787492072000,6584.3052852686200000,0.0167013590455144,1.8446510467085000,29.3847297959157000,6586.1499363153300000,1.0043879818083200,29.3766853866740000,23.4370417707179000,23.4348138494356000,27.3163674784866000,11.2502204582308000,0.0430176228832712,0.8704144688149690,81.8360713954485000,2:03:08 AM,###############################################################################################################################################################################################################################################################,7:30:28 AM,654.6885711635880000,596.8704144688150000,-30.7823963827963000,57.8557025318330000,32.1442974681670000,0.0256053377488662,32.1699028059158000,#REF!
-24.0,-122.0,-12,12/17/16,12:00:00 AM,2457740.0000000000000000,0.1696098562628340,266.5518649399660000,6463.3228508638600000,0.0167015004656296,-0.5604195359163350,265.9914454040490000,6462.7624313279400000,0.9840255512212130,265.9838870542970000,23.4370854740145000,23.4347291305146000,-94.3758244837895000,-23.3737573587748000,0.0430173030145601,3.6628442762260300,102.1084174150650000,8:04:20 AM,1:15:54 AM,2:52:46 PM,816.8673393205190000,235.6628442762260000,-121.0842889309430000,105.7590381707060000,-15.7590381707058000,0.0204465303306449,-15.7385916403751000,#REF!
79.0,-146.0,-6,4/28/09,12:00:00 AM,2454949.7500000000000000,0.0932169746748802,36.3493121539286000,3713.2516678671100000,0.0167047143370881,1.7440884339298200,38.0934005878584000,3714.9957563010400000,1.0068287677254900,38.0916382649990000,23.4380789010201000,23.4395379346289000,35.7229441342634000,14.2054458398021000,0.0430354613970767,2.4992987667891900,#NUM!,3:41:30 PM,#NUM!,#NUM!,#NUM!,1218.4992987667900000,124.6248246916970000,82.1957936611794000,7.8042063388205600,0.1106940181271900,7.9149003569477500,306.3718090243920000
59.0,6.0,3,9/22/05,12:00:00 AM,2453635.3750000000000000,0.0572313483915127,180.8390614964980000,2417.8032984071400000,0.0167062277508110,-1.8626294524098600,178.9764320440880000,2415.9406689547300000,1.0037957100360100,178.9695576067140000,23.4385468646757000,23.4410270277594000,179.0545838775710000,0.4098964871635280,0.0430410851585426,7.0841214433045600,92.3001523036106000,2:28:55 PM,8:19:43 AM,8:38:07 PM,738.4012184288850000,1291.0841214433000000,142.7710303608260000,113.8249123477290000,-23.8249123477287000,0.0130669506736852,-23.8118453970551000,318.5976034284060000
49.0,-47.0,3,7/19/04,12:00:00 AM,2453205.3750000000000000,0.0454585900068446,117.0106962593090000,1993.9951774512700000,0.0167067227954284,-0.4537871219901540,116.5569091373190000,1993.5413903292800000,1.0162277724128400,116.5483346784370000,23.4386999597389000,23.4407413189030000,118.5717530856950000,20.8458767582879000,0.0430400061095954,-6.2760871613957400,117.5001003501180000,6:14:17 PM,10:24:17 AM,2:04:17 AM,940.0008028009440000,1065.7239128386000000,86.4309782096511000,72.1374624026632000,17.8625375973368000,0.0495048127521803,17.9120424100890000,281.4876332941960000
19.0,-165.0,-7,5/2/06,12:00:00 AM,2453857.7916666700000000,0.0633207848505547,40.0634620754586000,2637.0172276211300000,0.0167059716761608,1.6891681464671600,41.7526302219257000,2638.7063957675900000,1.0078088239054100,41.7467259712347000,23.4384676765422000,23.4410251036776000,39.3099006416175000,15.3594686621941000,0.0430410778917311,2.9900846366278600,96.3456904958354000,3:57:01 PM,9:31:38 AM,10:22:24 PM,770.7655239666840000,1202.9900846366300000,120.7475211591570000,112.3275964598870000,-22.3275964598871000,0.0140494351950723,-22.3135470246920000,296.3756233215420000
48.0,-99.0,-3,7/27/04,12:00:00 AM,2453213.6250000000000000,0.0456844626967830,125.1422869869060000,2002.1263797723400000,0.0167067132978098,-0.7073698885140960,124.4349170983920000,2001.4190098838200000,1.0155160820845200,124.4263717857420000,23.4386970224501000,23.4407501010549000,126.7612959103760000,19.1551373773702000,0.0430400392773086,-6.5083694487226200,114.1283234380230000,3:42:31 PM,8:06:00 AM,11:19:01 PM,913.0265875041810000,1217.4916305512800000,124.3729076378190000,96.4890639766923000,-6.4890639766923100,0.0507287242116126,-6.4383352524806900,308.3061840015620000
28.0,-60.0,10,11/15/17,12:00:00 AM,2458072.0833333300000000,0.1787018024184390,233.8689267548530000,6790.6242772667300000,0.0167011178662516,-1.4724156022037100,232.3965111526490000,6789.1518616645200000,0.9892903028438070,232.3877108579850000,23.4369672407291000,23.4350233197921000,-130.0205774248740000,-18.3637429395521000,0.0430184137748483,15.5550290028164000,80.8422234166669000,1:44:27 AM,8:21:05 PM,7:07:49 AM,646.7377873333360000,615.5550290028160000,-26.1112427492959000,52.8032413622327000,37.1967586377673000,0.0212203149458868,37.2179789527132000,#REF!
43.0,-106.0,-10,12/17/18,12:00:00 AM,2458469.9166666700000000,0.1895938854665710,265.9923027561890000,7182.7289220627200000,0.0167006594874985,-0.5797129974331910,265.4125897587560000,7182.1492090652900000,0.9840785467404710,265.4026926458690000,23.4368255981666000,23.4356103731711000,-95.0086311615468000,-23.3557270427101000,0.0430206303383992,3.9450458320463300,67.6026505733732000,9:00:03 AM,4:29:39 AM,1:30:28 PM,540.8212045869860000,179.9450458320460000,-135.0137385419880000,138.1810265928610000,-48.1810265928611000,0.0051624146317108,-48.1758641782294000,#REF!
-28.0,79.0,0,2/3/05,12:00:00 AM,2453404.5000000000000000,0.0509103353867214,313.2777270113150000,2190.2528334689800000,0.0167064935538424,0.9821713761720920,314.2598983874870000,2191.2350048451500000,0.9856421628826350,314.2520701516220000,23.4386290642664000,23.4409186492646000,-43.2814729051885000,-16.5550940719892000,0.0430406758390882,-13.8194616827818000,100.0922333660330000,6:57:49 AM,12:17:27 AM,1:38:11 PM,800.7378669282610000,302.1805383172180000,-104.4548654206950000,94.4444596083403000,-4.4444596083403200,0.0742347382420139,-4.3702248700983100,#REF!
-32.0,-78.0,-10,2/28/10,12:00:00 AM,2455255.9166666700000000,0.1015993611681450,338.1216794192040000,4015.0096205373800000,0.0167043617598027,1.5869834458977500,339.7086628651010000,4016.5966039832800000,0.9906120599271220,339.7075049773790000,23.4379698949217000,23.4387835937290000,-18.7395879776900000,-7.9293192969026900,0.0430326126784940,-12.5666898209601000,95.9892693262822000,7:24:34 AM,1:00:37 AM,1:48:31 PM,767.9141546102570000,275.4333101790400000,-111.1416724552400000,103.2877965645900000,-13.2877965645899000,0.0244320602197200,-13.2633645043702000,#REF!
-17.0,-30.0,-11,5/14/09,12:00:00 AM,2454965.9583333300000000,0.0936607346566321,52.3250131418886000,3729.2266057541400000,0.0167046956722426,1.4633537503946400,53.7883668922832000,3730.6899595045300000,1.0107297128477000,53.7866449371377000,23.4380731302836000,23.4395004905020000,51.4063999878398000,18.7196796640630000,0.0430353199893971,3.6639772139797900,84.9773407427292000,2:56:20 AM,###############################################################################################################################################################################################################################################################,8:36:15 AM,679.8187259418330000,543.6639772139800000,-44.0840056965050000,56.1678814236259000,33.8321185763741000,0.0240143739469744,33.8561329503211000,#REF!
40.0,144.0,-5,12/15/03,12:00:00 AM,2452988.7083333300000000,0.0395265799680627,263.4537680710170000,1780.4484498218600000,0.0167069722232081,-0.6535213388993330,262.8002467321180000,1779.7949284829600000,0.9842893537447430,262.7909717409010000,23.4387771006525000,23.4404703868252000,-97.8497189003873000,-23.2442369230856000,0.0430389828822702,5.1561011075783900,70.1382930292768000,###############################################################################################################################################################################################################################################################,###############################################################################################################################################################################################################################################################,1:59:24 AM,561.1063442342140000,881.1561011075780000,40.2890252768946000,73.5471675756045000,16.4528324243955000,0.0539048153307947,16.5067372397262000,218.2813611885400000
83.0,-96.0,-6,10/23/17,12:00:00 AM,2458049.7500000000000000,0.1780903490759750,211.8561356448840000,6768.6125376749200000,0.0167011435975568,-1.8255737560155800,210.0305618888680000,6766.7869639189000000,0.9949230545706330,210.0218371708120000,23.4369751921766000,23.4349973049602000,-152.0678189223640000,-11.4776375097314000,0.0430183155509209,15.6978127865620000,#NUM!,12:08:18 PM,#NUM!,#NUM!,#NUM!,1431.6978127865600000,177.9244531966400000,108.4729041739480000,-18.4729041739476000,0.0172718526808118,-18.4556323212668000,357.8554268568190000
74.0,2.0,10,3/21/06,12:00:00 AM,2453815.0833333300000000,0.0621514944102256,357.9681060242650000,2594.9238822786500000,0.0167060208482117,1.8582502127240400,359.8263562369890000,2596.7821324913700000,0.9959176146281070,359.8202637166080000,23.4384828822071000,23.4410337893178000,-0.1649027268851930,-0.0714999045395771,0.0430411106953891,-7.4682315963007000,92.7737159831061000,9:59:28 PM,3:48:22 PM,4:10:34 AM,742.1897278648490000,840.5317684036990000,30.1329421009248000,76.2793209133626000,13.7206790866374000,0.0647922685917723,13.7854713552291000,211.1147663934700000
71.0,-129.0,0,1/14/12,12:00:00 AM,2455940.5000000000000000,0.1203422313483920,292.8794359930720000,4689.7351460956400000,0.0167035733387194,0.3304506333879950,293.2098866264600000,4690.0655967290300000,0.9835461394187890,293.2087498854110000,23.4377261591818000,23.4369470581099000,-64.9515549151274000,-21.4415951044390000,0.0430256775497798,-8.6754159048278100,#NUM!,8:44:41 PM,#NUM!,#NUM!,#NUM!,915.3245840951720000,48.8311460237931000,98.4041259084669000,-8.4041259084669000,0.0390549026767879,-8.3650710057901100,225.0951110632180000
-85.0,143.0,-2,4/29/13,12:00:00 AM,2456411.5833333300000000,0.1332397900981110,37.2014809022530000,5154.0350116423200000,0.0167030307496586,1.7330605522661600,38.9345414545192000,5155.7680721945800000,1.0070344027941300,38.9323663894362000,23.4375584369558000,23.4358235347684000,36.5454825402207000,14.4733285853516000,0.0430214351974191,2.6157917179170700,#NUM!,12:25:23 AM,#NUM!,#NUM!,#NUM!,694.6157917179170000,-6.3460520705207300,99.5033674131857000,-9.5033674131857000,0.0344677158490375,-9.4688996973366600,#REF!
-25.0,-89.0,-2,4/29/06,12:00:00 AM,2453854.5833333300000000,0.0632329454711427,36.9011767918669000,2633.8550933859400000,0.0167059753700733,1.7358847465956800,38.6370615384626000,2635.5909781325400000,1.0069883981509500,38.6311431293347000,23.4384688188214000,23.4410258944723000,36.2497466562691000,14.3799739029223000,0.0430410808783798,2.5830202639104000,84.0883995608714000,3:53:25 PM,10:17:04 AM,9:29:46 PM,672.7071964869710000,1206.5830202639100000,121.6457550659780000,124.4418079443600000,-34.4418079443604000,0.0084136958663994,-34.4333942484940000,270.7153467423800000
-2.0,-25.0,6,12/29/01,12:00:00 AM,2452272.2500000000000000,0.0199110198494182,277.2785027996690000,1074.3069148234600000,0.0167077969502285,-0.1939498643398420,277.0845529353290000,1074.1129649591200000,0.9833784315087130,277.0740917019870000,23.4390321848295000,23.4391871588205000,-82.2970029045950000,-23.2502281995070000,0.0430341367027096,-1.7434002294589400,91.7670547551389000,7:41:45 PM,1:34:41 PM,1:48:49 AM,734.1364380411110000,978.2565997705410000,64.5641499426353000,65.9109189304243000,24.0890810695757000,0.0358811577539873,24.1249622273297000,245.3511698129860000
2.0,37.0,-8,5/4/06,12:00:00 AM,2453859.8333333300000000,0.0633766826374672,42.0758254382476000,2639.0294948622000000,0.0167059693254883,1.6568284349716700,43.7326538732193000,2640.6863232971700000,1.0083185346999700,43.7267586334313000,23.4384669496372000,23.4410245887372000,41.2693320904062000,15.9602683737864000,0.0430410759469206,3.2010380309842700,91.4392688609473000,1:28:48 AM,###############################################################################################################################################################################################################################################################,7:34:33 AM,731.5141508875780000,631.2010380309840000,-22.1997404922539000,25.9421243926510000,64.0578756073490000,0.0078490536914134,64.0657246610404000,#REF!
-62.0,-75.0,-4,6/29/04,12:00:00 AM,2453185.6666666700000000,0.0449190052475431,97.5852295211330000,1974.5706385729500000,0.0167067454841317,0.1774517247516570,97.7626812458847000,1974.7480902977100000,1.0166352652825500,97.7540378418483000,23.4387069765953000,23.4407198602159000,98.4418793740960000,23.2137644519963000,0.0430399250662382,-3.4582647875625200,39.3831280852297000,1:03:27 PM,10:25:56 AM,3:40:59 PM,315.0650246818380000,1376.5417352124400000,164.1354338031090000,139.7342004632120000,-49.7342004632122000,0.0048873975928352,-49.7293130656194000,202.8739036179880000
-9.0,179.0,-6,7/19/18,12:00:00 AM,2458318.7500000000000000,0.1854551676933610,116.9952763408750000,7033.7390130473800000,0.0167008336634441,-0.4454791055556380,116.5497972353190000,7033.2935339418200000,1.0162393757999000,116.5402570963320000,23.4368794187768000,23.4353622636698000,118.5622882334490000,20.8426889314621000,0.0430196935327791,-6.3039915073767800,87.4466443643329000,###############################################################################################################################################################################################################################################################,###############################################################################################################################################################################################################################################################,12:00:05 AM,699.5731549146630000,1069.6960084926200000,87.4240021231558000,90.8121187523487000,-0.8121187523486670,0.4070519328300700,-0.4050668195185960,290.9792347877360000
31.0,-76.0,1,4/22/17,12:00:00 AM,2457865.4583333300000000,0.1730447182295270,30.2095403575850000,6586.9746193611700000,0.0167013559252149,1.8190554766878500,32.0285958342728000,6588.7936748378600000,1.0051302143580000,32.0205410197014000,23.4370408064565000,23.4348160483923000,29.8464844333172000,12.1734998912132000,0.0430176311857718,1.4255928558458200,98.4514068587300000,6:02:34 PM,11:28:46 AM,12:36:23 AM,787.6112548698400000,1077.4255928558500000,89.3563982139615000,83.2221956563818000,6.7778043436181600,0.1252171787615880,6.9030215223797500,280.1560833287220000
53.0,-136.0,0,1/5/03,12:00:00 AM,2452644.5000000000000000,0.0301026694045175,284.1857327753670000,1441.1966196171900000,0.0167073684592744,0.0408332673318280,284.2265660426990000,1441.2374528845200000,0.9832974009775550,284.2164820059820000,23.4388996508463000,23.4399074298406000,-74.5634656250753000,-22.6812856171775000,0.0430368568085805,-5.0397730102977700,58.1009814611963000,9:09:02 PM,5:16:38 PM,1:01:27 AM,464.8078516895700000,890.9602269897020000,42.7400567474256000,84.2690441115433000,5.7309558884567200,0.1439215606388280,5.8748774490955500,219.0009322285600000
-20.0,168.0,7,9/3/00,12:00:00 AM,2451790.2083333300000000,0.0067134382842844,162.1554064540990000,599.2065124078390000,0.0167083517814844,-1.6270779245691400,160.5283285295300000,597.5794344832700000,1.0087581484738500,160.5182083209320000,23.4392038084335000,23.4382425252004000,162.0180253887330000,7.6230980714141700,0.0430305694317955,0.4964081067928240,88.1029169801089000,7:47:30 AM,1:55:06 AM,1:39:55 PM,704.8233358408710000,252.4964081067930000,-116.8758979733020000,117.8017540747650000,-27.8017540747647000,0.0109429667476088,-27.7908111080170000,#REF!
-47.0,-178.0,-6,6/18/00,12:00:00 AM,2451713.7500000000000000,0.0046201232032854,86.7944520341927000,523.8491575377870000,0.0167084397811764,0.5221058479035710,87.3165578820962000,524.3712633856910000,1.0160711294374500,87.3065754590651000,23.4392310302555000,23.4381046233443000,87.0647625276096000,23.4106668054570000,0.0430300486789636,-1.1215562586638700,63.8282538524644000,5:53:07 PM,1:37:49 PM,10:08:26 PM,510.6260308197160000,1086.8784437413400000,91.7196109353340000,108.0207540137450000,-18.0207540137452000,0.0177363711641611,-18.0030176425811000,285.2938791080080000
41.0,-52.0,-11,7/22/10,12:00:00 AM,2455399.9583333300000000,0.1055430070727850,120.0959681708550000,4156.9771276589200000,0.0167041958772590,-0.5479596287200940,119.5480085421340000,4156.4291680301900000,1.0160005159745500,119.5470122184600000,23.4379186110231000,23.4384029353683000,121.7092285128390000,20.2449524908724000,0.0430311751860865,-6.4536148317382600,109.9464268769780000,4:34:27 AM,###############################################################################################################################################################################################################################################################,11:54:14 AM,879.5714150158280000,445.5463851682620000,-68.6134037079346000,60.9725533153556000,29.0274466846444000,0.0289691353955104,29.0564158200399000,#REF!
-61.0,-114.0,2,7/2/18,12:00:00 AM,2458301.4166666700000000,0.1849806068902540,99.9107220445749000,7016.6552748576800000,0.0167008536348297,0.1093758030928730,100.0200978476680000,7016.7646506607700000,1.0166743662186400,100.0106035817760000,23.4368855900488000,23.4353355982775000,100.8899633744230000,23.0577580012812000,0.0430195928509184,-3.9519819304726400,42.6649620047447000,9:39:57 PM,6:49:18 PM,12:30:37 AM,341.3196960379580000,860.0480180695270000,35.0120045173819000,88.6935499542994000,1.3064500457005600,0.3355647900627590,1.6420148357633200,328.1262803129670000
-14.0,-13.0,-5,2/15/18,12:00:00 AM,2458164.7083333300000000,0.1812377367100200,325.1645137668250000,6881.9155032212000000,0.0167010111475322,1.2985291619358000,326.4630429287610000,6883.2140323831300000,0.9877000920621140,326.4539436833540000,23.4369342629914000,23.4351398852782000,-31.3141733493582000,-12.6959795942932000,0.0430188538914199,-14.1474314669587000,94.1017995773992000,8:06:09 AM,1:49:44 AM,2:22:33 PM,752.8143966191930000,233.8525685330410000,-121.5368578667400000,116.2272493800780000,-26.2272493800780000,0.0117121240874430,-26.2155372559906000,#REF!
79.0,-52.0,13,11/23/12,12:00:00 AM,2456253.9583333300000000,0.1289242527948940,241.8388154133250000,4998.6797674093300000,0.0167032123052459,-1.2837932460116200,240.5550221673140000,4997.3959741633200000,0.9875803213196080,240.5532801159490000,23.4376145569955000,23.4361713014719000,-121.6042487096030000,-20.2639887487293000,0.0430227483180795,13.7766250434821000,#NUM!,4:14:13 AM,#NUM!,#NUM!,#NUM!,465.7766250434820000,-63.5558437391295000,105.0860755234750000,-15.0860755234751000,0.0214052527087532,-15.0646702707663000,#REF!
33.0,123.0,4,3/15/15,12:00:00 AM,2457096.3333333300000000,0.1519872233629980,352.1235123960300000,5828.9248037315300000,0.0167022419863068,1.7991258568236400,353.9226382528540000,5830.7239295883500000,0.9942400644373650,353.9178665462430000,23.4373146419096000,23.4348023268042000,-5.5837493365238000,-2.4150713048868100,0.0430175793778109,-9.1715374001845100,89.4247817938616000,7:57:10 AM,1:59:28 AM,1:54:52 PM,715.3982543508930000,242.8284625998160000,-119.2928843500460000,115.6533702300400000,-25.6533702300396000,0.0120141868017048,-25.6413560432379000,#REF!
71.0,28.0,5,4/1/16,12:00:00 AM,2457479.2916666700000000,0.1624720511065440,9.5853836983005700,6206.3686444466800000,0.0167018008178665,1.9122180978452300,11.4976017961458000,6208.2808625445200000,0.9992214018746090,11.4911473134646000,23.4371782953135000,23.4346512482166000,10.5655556567361000,4.5442489324151700,0.0430170089596582,-3.9234833105195600,105.9988810686650000,3:11:55 PM,8:07:56 AM,10:15:55 PM,847.9910485493200000,1248.0765166894800000,132.0191291723700000,98.1827443323515000,-8.1827443323515200,0.0401266269603261,-8.1426177053911900,311.5650172898350000
-58.0,2.0,-11,11/16/17,12:00:00 AM,2458073.9583333300000000,0.1787531371206980,235.7170155607250000,6792.4722777921400000,0.0167011157059698,-1.4316557371755300,234.2853598235500000,6791.0406220549600000,0.9888781990276390,234.2765532436850000,23.4369665731636000,23.4350255417599000,-128.0912033166740000,-18.8370519883466000,0.0430184221643146,15.2251510771706000,125.0954621895130000,12:36:46 AM,###############################################################################################################################################################################################################################################################,8:57:09 AM,1000.7636975161100000,683.2251510771710000,-9.1937122307073500,39.7438733625436000,50.2561266374564000,0.0134084836362396,50.2695351210927000,#REF!
60.0,-16.0,8,12/2/17,12:00:00 AM,2458089.1666666700000000,0.1791695185945660,250.7070692081030000,6807.4616153868300000,0.0167010981836594,-1.0477331679139700,249.6593360401890000,6806.4138822189100000,0.9860038798716750,249.6504788278290000,23.4369611584652000,23.4350437790040000,-112.0104886976830000,-21.8938141147067000,0.0430184910225652,10.8226141357936000,48.3386524926448000,8:53:11 PM,5:39:49 PM,12:06:32 AM,386.7092199411580000,906.8226141357940000,46.7056535339484000,90.2742235641395000,-0.2742235641394760,0.5236516523118490,0.2494280881723730,222.4816288755700000
48.0,18.0,2,2/9/00,12:00:00 AM,2451583.4166666700000000,0.0010517910107190,318.3317460864930000,395.3925874892730000,0.0167085897857211,1.1280447132472900,319.4597907997400000,396.5206322025200000,0.9864757066142540,319.4500922131270000,23.4392774334453000,23.4378829441883000,-38.1317450251157000,-14.9860766812180000,0.0430292115686756,-14.2129792499072000,74.0495058132470000,1:02:13 PM,8:06:01 AM,5:58:25 PM,592.3960465059760000,1377.7870207500900000,164.4467551875230000,144.5744229800780000,-54.5744229800783000,0.0041044034010769,-54.5703185766772000,333.4582582004400000
9.0,42.0,3,12/5/06,12:00:00 AM,2454074.3750000000000000,0.0692505133470226,253.5382530695390000,2850.4818218506900000,0.0167057223085637,-0.9605861761354580,252.5776668934040000,2849.5212356745600000,0.9855329437878220,252.5727164017050000,23.4383905652751000,23.4409197431475000,-108.8879021957830000,-22.3053902697180000,0.0430406799704098,9.6690051235055500,87.1876053795012000,12:02:20 PM,6:13:35 AM,5:51:05 PM,697.5008430360100000,1437.6690051235100000,179.4172512808760000,166.6828481237370000,-76.6828481237373000,0.0013657941405055,-76.6814823295968000,182.3412445656720000
-48.0,61.0,-6,7/28/02,12:00:00 AM,2452483.7500000000000000,0.0257015742642026,125.7429195544950000,1282.7613743676700000,0.0167075534992283,-0.7267049428555470,125.0162146116390000,1282.0346694248100000,1.0154483100603400,125.0059004444930000,23.4389568834561000,23.4396052218650000,127.3564128469590000,19.0152977543294000,0.0430357155078375,-6.4935839537722300,68.9142093174536000,2:02:30 AM,###############################################################################################################################################################################################################################################################,6:38:09 AM,551.3136745396290000,597.5064160462280000,-30.6233959884431000,72.4067971829778000,17.5932028170222000,0.0502947296668066,17.6434975466890000,#REF!
48.0,146.0,-13,11/2/04,12:00:00 AM,2453312.0416666700000000,0.0483789641797813,222.1464147597680000,2099.1258741263200000,0.0167065999969384,-1.6892858161541000,220.4571289436130000,2097.4365883101600000,0.9920849918200300,220.4489436412750000,23.4386619826712000,23.4408454764569000,-141.9681353001890000,-14.9562916916848000,0.0430403994842204,16.4733981301201000,74.0861804988311000,###############################################################################################################################################################################################################################################################,###############################################################################################################################################################################################################################################################,###############################################################################################################################################################################################################################################################,592.6894439906490000,1380.4733981301200000,165.1183495325300000,144.7430404658460000,-54.7430404658461000,0.0040788838451303,-54.7389615820010000,334.5425760618300000
-9.0,-25.0,-3,3/6/02,12:00:00 AM,2452339.6250000000000000,0.0217556468172485,343.6864937140410000,1140.7117337928600000,0.0167077193979066,1.6868141480335700,345.3733078620740000,1142.3985479408900000,0.9920424736102410,345.3628738827470000,23.4390081969816000,23.4393218844706000,-13.4752028022959000,-5.7689402040368700,0.0430346454874939,-11.3883515776200000,91.7647364204369000,10:51:23 AM,4:44:20 AM,4:58:27 PM,734.1178913634950000,68.6116484223800000,-162.8470878944050000,157.4063635225440000,-67.4063635225437000,0.0024010673385101,-67.4039624552052000,#REF!
5.0,-2.0,11,6/16/04,12:00:00 AM,2453172.0416666700000000,0.0445459730777963,84.1557842287757000,1961.1418347395800000,0.0167067611695134,0.6067940054457040,84.7625782342214000,1961.7486287450300000,1.0158394867037300,84.7538877376908000,23.4387118275722000,23.4407046341357000,84.2849896364319000,23.3366838670346000,0.0430398675617149,-0.5523692092867600,93.0747545301400000,11:08:33 PM,4:56:15 PM,5:20:51 AM,744.5980362411200000,771.4476307907130000,12.8619076976783000,22.1387601685305000,67.8612398314695000,0.0065647355340003,67.8678045670035000,327.1550712956090000
-66.0,-70.0,1,3/29/02,12:00:00 AM,2452362.4583333300000000,0.0223807894136479,6.1921084463106100,1163.2162735548200000,0.0167076931152914,1.9055096648704700,8.0976181111810900,1165.1217832196900000,0.9983034903208320,8.0871975475152600,23.4390000675190000,23.4393672976663000,7.4276346743914200,3.2079170129214300,0.0430348169889256,-4.9577520684049400,84.8315056555129000,5:44:57 PM,12:05:38 PM,11:24:17 PM,678.6520452441030000,1095.0422479316000000,93.7605619828988000,94.4596141004721000,-4.4596141004720500,0.0739814600426467,-4.3856326404294100,267.8695573089400000
64.0,74.0,13,11/11/12,12:00:00 AM,2456241.9583333300000000,0.1285957107004380,230.0110470657020000,4986.8525640416300000,0.0167032261268895,-1.5508121141308700,228.4602349515710000,4985.3017519275000000,0.9901644541990960,228.4585225440850000,23.4376188294173000,23.4361991119635000,-133.9997993977930000,-17.3188838063369000,0.0430228533277212,16.0771511272055000,52.7998581121367000,7:47:55 PM,4:16:43 PM,11:19:07 PM,422.3988648970940000,972.0771511272060000,63.0192877818014000,94.4560080749544000,-4.4560080749543800,0.0740415719468452,-4.3819665030075400,238.5763837626150000
12.0,85.0,-10,3/24/05,12:00:00 AM,2453453.9166666700000000,0.0522632899840250,1.9851341016028500,2238.9579140359400000,0.0167064366620040,1.8861821097206300,3.8713162113234800,2240.8440961456600000,0.9970713461957130,3.8636853878467300,23.4386114702018000,23.4409509511386000,3.5456673987672600,1.5360078512462600,0.0430407978352609,-6.2468706204543700,91.1785357063830000,###############################################################################################################################################################################################################################################################,###############################################################################################################################################################################################################################################################,2:30:58 AM,729.4282856510640000,933.7531293795460000,53.4382823448864000,53.9823203437839000,36.0176796562161000,0.0221483825966787,36.0398280388127000,263.0703377887580000
50.0,9.0,5,4/28/04,12:00:00 AM,2453123.2916666700000000,0.0432112708190694,36.1054753852541000,1913.0938210235000000,0.0167068172912326,1.7464553248503600,37.8519307101044000,1914.8402763483500000,1.0067879086534200,37.8430756659491000,23.4387291842781000,23.4406475904041000,35.4801378955577000,14.1256974936246000,0.0430396521243250,2.4676228056111700,108.8588924835630000,4:21:32 PM,9:06:06 AM,11:36:58 PM,870.8711398685020000,1178.4676228056100000,114.6169057014030000,94.1692714249495000,-4.1692714249495300,0.0791536200795983,-4.0901178048699300,297.8757767355310000
-45.0,58.0,8,1/29/12,12:00:00 AM,2455955.1666666700000000,0.1207437827971670,307.3355973046800000,4704.1906168792400000,0.0167035564464355,0.7995280346198540,308.1351253393000000,4704.9901449138600000,0.9848121719833590,308.1339684614370000,23.4377209373328000,23.4369088536339000,-49.4480394779419000,-18.2310207215616000,0.0430255332884004,-12.8865871774080000,110.5503191381770000,4:20:53 PM,8:58:41 AM,11:43:05 PM,884.4025531054140000,1179.1134128225900000,114.7783532056480000,93.4547885727136000,-3.4547885727136100,0.0955762949653708,-3.3592122777482400,239.7607614514010000
-16.0,-42.0,-12,3/2/01,12:00:00 AM,2451971.0000000000000000,0.0116632443531828,340.3522354712240000,777.3948299938760000,0.0167081436949620,1.6310095675191500,341.9832450387430000,779.0258395613960000,0.9911986667515590,341.9728880136130000,23.4391394403162000,23.4385861532370000,-16.6250800074763000,-7.0707812118205700,0.0430318670743710,-12.1323339259022000,92.9123031987695000,3:00:08 AM,###############################################################################################################################################################################################################################################################,9:11:47 AM,743.2984255901560000,539.8676660740980000,-45.0330834814756000,44.9206480084081000,45.0793519915919000,0.0160749874891638,45.0954269790811000,#REF!
-4.0,-22.0,10,11/5/08,12:00:00 AM,2454775.0833333300000000,0.0884348619666937,224.1895729820060000,3541.1001521261700000,0.0167049154728217,-1.6567374061407500,222.5328355758650000,3539.4434147200300000,0.9915795770638900,222.5305843127720000,23.4381410884935000,23.4399192516000000,-139.9155373191700000,-15.5986817419548000,0.0430369014542697,16.4585369339345000,91.9858712252760000,11:11:32 PM,5:03:36 PM,5:19:29 AM,735.8869698022080000,768.4585369339350000,12.1146342334836000,16.6281621972501000,73.3718378027499000,0.0048193327455475,73.3766571354954000,224.9415164860210000
-80.0,99.0,-9,3/27/08,12:00:00 AM,2454552.8750000000000000,0.0823511293634497,5.1705155103204600,3322.0915563507700000,0.0167051713463325,1.9011821182655600,7.0716976285860200,3323.9927384690400000,0.9979772198838810,7.0686970281485100,23.4382202024695000,23.4403365667993000,6.4905497678464200,2.8058782331620700,0.0430384774899514,-5.2681923812014500,78.8059061742515000,###############################################################################################################################################################################################################################################################,###############################################################################################################################################################################################################################################################,1:44:30 AM,630.4472493940120000,930.7318076187980000,52.6829519046996000,86.7360926537505000,3.2639073462494500,0.2169849367501490,3.4808922829996000,307.2851718998970000
85.0,80.0,3,3/22/03,12:00:00 AM,2452720.3750000000000000,0.0321800136892539,358.9717262670600000,1515.9790409731800000,0.0167072811175599,1.8665931451086600,360.8383194121680000,1517.8456341182900000,0.9962175344741290,360.8283780218470000,23.4388726366968000,23.4400428281721000,0.7600260318000280,0.3295101614823340,0.0430373681512143,-7.1671110748997600,103.4468885640990000,9:47:10 AM,2:53:23 AM,4:40:57 PM,827.5751085127920000,132.8328889251000000,-146.7917777687250000,93.8527000143910000,-3.8527000143909900,0.0856797126896472,-3.7670203017013400,#REF!
64.0,-94.0,-8,4/4/18,12:00:00 AM,2458212.8333333300000000,0.1825553274013280,12.5987931200634000,6929.3475167055300000,0.0167009556992411,1.9137641433521000,14.5125572634155000,6931.2612808488800000,1.0000897456427800,14.5033124180874000,23.4369171288098000,23.4352057099981000,13.3515902683063000,5.7162135284435600,0.0430191024270414,-3.0264533532710900,103.8017498857840000,10:19:02 AM,3:23:49 AM,5:14:14 PM,830.4139990862700000,100.9735466467290000,-154.7566133383180000,107.7591188492000000,-17.7591188492000000,0.0180155992638215,-17.7411032499362000,#REF!
-63.0,-144.0,-2,9/17/06,12:00:00 AM,2453995.5833333300000000,0.0670933150809990,175.8774547275710000,2772.8247330318200000,0.0167058130279723,-1.8174561329810200,174.0599985945900000,2771.0072768988300000,1.0051870091767300,174.0547025551230000,23.4384186178739000,23.4409699082578000,174.5422710223460000,2.3614899775339800,0.0430408694316890,5.2931845827306600,87.1979069673504000,7:30:42 PM,1:41:55 PM,1:19:30 AM,697.5832557388030000,989.2931845827310000,67.3232961456827000,82.0582886458400000,7.9417113541600200,0.1089780557292190,8.0506894098892400,291.4340413172780000
47.0,-66.0,6,12/17/00,12:00:00 AM,2451895.2500000000000000,0.0095893223819302,265.6894479254170000,702.7356086599940000,0.0167082308820043,-0.5797636149098930,265.1096843105070000,702.1558450450840000,0.9840707421206590,265.0994109850770000,23.4391664099500000,23.4384396328541000,-95.3388689489502000,-23.3476670293900000,0.0430313137668502,4.0528420201376100,63.9168605360916000,10:19:57 PM,6:04:17 PM,2:35:37 AM,511.3348842887330000,820.0528420201380000,25.0132105050344000,73.8838725504753000,16.1161274495247000,0.0550612725725018,16.1711887220972000,203.8337988281610000
5.0,0.0,-1,3/16/05,12:00:00 AM,2453445.5416666700000000,0.0520339949806026,353.7303374529760000,2230.7035116801700000,0.0167064463039081,1.8191197803466300,355.5494572333230000,2232.5226314605200000,0.9947309182417290,355.5417926566700000,23.4386144519953000,23.4409458173558000,-4.0915795211249800,-1.7719845831105700,0.0430407784462232,-8.7216756430821700,90.6814905670939000,11:08:43 AM,5:06:00 AM,5:11:27 PM,725.4519245367510000,51.2783243569178000,-167.1804189107710000,166.8037031010760000,-76.8037031010759000,0.0013529478498374,-76.8023501532260000,#REF!
-13.0,-29.0,-12,1/22/18,12:00:00 AM,2458141.0000000000000000,0.1805886379192330,301.7964575315670000,6858.5485632445800000,0.0167010384634549,0.6210607037145760,302.4175182352820000,6859.1696239483000000,0.9841964184097000,302.4084932160690000,23.4369427039867000,23.4351087523392000,-55.3205842523364000,-19.6191381290507000,0.0430187363424727,-11.5759369890579000,95.6318115259957000,2:07:35 AM,###############################################################################################################################################################################################################################################################,8:30:06 AM,765.0544922079660000,592.4240630109420000,-31.8939842472645000,31.2655609785984000,58.7344390214016000,0.0097949655695982,58.7442339869712000,#REF!
89.0,-21.0,1,2/1/04,12:00:00 AM,2453036.4583333300000000,0.0408339037189182,310.5184295507140000,1827.5108632580800000,0.0167069172539288,0.9009607498071700,311.4193903005210000,1828.4118240078800000,0.9852441517978970,311.4102582839080000,23.4387600999825000,23.4405364420634000,-46.1313879044859000,-17.3582211659443000,0.0430392323514225,-13.4590134522681000,#NUM!,2:37:28 PM,#NUM!,#NUM!,#NUM!,1282.5409865477300000,140.6352466369330000,108.1302271728760000,-18.1302271728759000,0.0176218500207704,-18.1126053228551000,320.4318464144130000
84.0,-161.0,-12,7/14/17,12:00:00 AM,2457949.0000000000000000,0.1753319644079400,112.5521638127520000,6669.3133094409800000,0.0167012596752898,-0.3034644545468440,112.2486993582050000,6669.0098449864300000,1.0164892695661100,112.2403311713990000,23.4370110627002000,23.4348906238426000,114.0214100928780000,21.5996613506491000,0.0430179127574159,-5.9074997424793500,#NUM!,10:49:54 AM,#NUM!,#NUM!,#NUM!,70.0925002575207000,-162.4768749356200000,74.1318769967014000,15.8681230032986000,0.0559421737939608,15.9240651770926000,#REF!
-15.0,-52.0,-4,1/24/06,12:00:00 AM,2453759.6666666700000000,0.0606342687656814,303.3468147583720000,2540.3052000280600000,0.0167060846514295,0.6775675439210620,304.0243823022930000,2540.9827675719800000,0.9843674910312100,304.0180464684540000,23.4385026124841000,23.4410391382460000,-53.6587203345539000,-19.2521051166249000,0.0430411308970627,-12.0135308602310000,96.2879677088264000,11:40:01 AM,5:14:52 AM,6:05:10 PM,770.3037416706120000,19.9864691397690000,-175.0033827150580000,145.3967013329330000,-55.3967013329326000,0.0039809466829289,-55.3927203862496000,#REF!
-84.0,165.0,3,10/14/01,12:00:00 AM,2452196.3750000000000000,0.0178336755646817,202.4925093234320000,999.5244934596390000,0.0167078842854846,-1.8943952553691300,200.5981140680630000,997.6300982042700000,0.9975089665627070,200.5876442860920000,23.4390591989725000,23.4390347481548000,-160.9843220714490000,-8.0404874469144900,0.0430335611352595,13.8789422883802000,#NUM!,3:46:07 AM,#NUM!,#NUM!,#NUM!,493.8789422883800000,-56.5302644279049000,78.6859288919441000,11.3140711080559000,0.0783108396919222,11.3923819477478000,#REF!
52.0,-174.0,11,9/18/10,12:00:00 AM,2455457.0416666700000000,0.1071058635637650,176.3600050806910000,4213.2384770226500000,0.0167041301373533,-1.8215426013455200,174.5384624793450000,4211.4169344213100000,1.0050722489987000,174.5375073128100000,23.4378982873491000,23.4382493794464000,174.9858213097660000,2.1699923864245800,0.0430305953152781,5.4649655136572800,94.1363238887527000,10:30:32 AM,4:13:59 AM,4:47:05 PM,753.0905911100220000,89.4649655136573000,-157.6337586215860000,122.6223671990880000,-32.6223671990878000,0.0090145423678253,-32.6133526567200000,#REF!
9.0,145.0,-4,10/13/14,12:00:00 AM,2456943.6666666700000000,0.1478074378279670,201.6480150307120000,5678.4564942471600000,0.0167024178507162,-1.8986324107531600,199.7493826199590000,5676.5578618364100000,0.9978186824571530,199.7452614753980000,23.4373689966008000,23.4349508105224000,-161.7714830924320000,-7.7216774751020700,0.0430181400026630,13.6709752761835000,89.6206161023619000,###############################################################################################################################################################################################################################################################,###############################################################################################################################################################################################################################################################,4:04:49 AM,716.9649288188950000,833.6709752761840000,28.4177438190459000,32.8833516144492000,57.1166483855508000,0.0104288127722562,57.1270771983231000,240.2946484592880000
34.0,128.0,13,7/26/14,12:00:00 AM,2456863.9583333300000000,0.1456251425963990,123.0837065037690000,5599.8959385567400000,0.0167025096689940,-0.6387882978861270,122.4449182058830000,5599.2571502588500000,1.0157381715443200,122.4411251309130000,23.4373973755657000,23.4350475897032000,124.7131462457090000,19.6117004088709000,0.0430185054106061,-6.5303729986852500,105.0079415953810000,4:34:32 PM,9:34:30 AM,11:34:34 PM,840.0635327630510000,1165.4696270013100000,111.3674067503290000,95.5575225054473000,-5.5575225054472700,0.0592996605973971,-5.4982228448498700,298.1903999511300000
-9.0,163.0,-8,6/14/16,12:00:00 AM,2457553.8333333300000000,0.1645128907141270,83.0571808731829000,6279.8369320113200000,0.0167017149425420,0.6470010190362020,83.7041818922191000,6280.4839330303600000,1.0157115700363000,83.6974044118720000,23.4371517558682000,23.4346588877793000,83.1359784302585000,23.2846391348150000,0.0430170378037880,-0.3427188555176340,87.0114533110528000,###############################################################################################################################################################################################################################################################,###############################################################################################################################################################################################################################################################,###############################################################################################################################################################################################################################################################,696.0916264884220000,1131.6572811444800000,102.9143202861210000,105.3432850343470000,-15.3432850343466000,0.0210291362944316,-15.3222558980522000,291.8119317279450000
-72.0,104.0,2,12/8/13,12:00:00 AM,2456634.4166666700000000,0.1393406342687610,256.8365681627650000,5373.6596074974300000,0.0167027740777738,-0.8653892388706050,255.9711789238940000,5372.7942182585600000,0.9850885930254100,255.9682671464130000,23.4374791004601000,23.4353959060323000,-105.2369011738690000,-22.6963706617152000,0.0430198205581189,8.2636691379601700,#NUM!,6:55:44 AM,#NUM!,#NUM!,#NUM!,304.2636691379600000,-103.9340827155100000,72.6437383761751000,17.3562616238249000,0.0510084797191769,17.4072701035441000,#REF!
-61.0,-179.0,-10,9/27/08,12:00:00 AM,2454736.9166666700000000,0.0873899155829298,186.5706986797240000,3503.4830747349400000,0.0167049594225111,-1.8970329085246800,184.6736657711990000,3501.5860418264100000,1.0021716071176500,184.6712952767910000,23.4381546771684000,23.4399966841534000,-175.7126917039430000,-1.8564542454472400,0.0430371938842656,9.1003290099016700,95.0759839399223000,1:46:54 PM,7:26:36 AM,8:07:12 PM,760.6078715193780000,1333.1003290099000000,153.2750822524750000,113.8572411512980000,-23.8572411512985000,0.0130470233987412,-23.8441941278997000,209.4368562631110000
15.0,177.0,-3,6/14/08,12:00:00 AM,2454631.6250000000000000,0.0845071868583162,82.7902452323347000,3399.7075784813100000,0.0167050806665625,0.6511160651948000,83.4413612975295000,3400.3586945465000000,1.0157021025963200,83.4386409325882000,23.4381921647022000,23.4401981870170000,82.8543188651773000,23.2775853359684000,0.0430379548803757,-0.2663160041435180,97.5653849671552000,###############################################################################################################################################################################################################################################################,###############################################################################################################################################################################################################################################################,3:42:32 AM,780.5230797372420000,887.7336839958560000,41.9334209989641000,40.3269570317823000,49.6730429682177000,0.0136879492974710,49.6867309175152000,288.4541457708570000
-19.0,-14.0,8,4/2/18,12:00:00 AM,2458210.1666666700000000,0.1824823180469960,9.9704001512382100,6926.7192492913900000,0.0167009587717121,1.9125838565630300,11.8829840078012000,6928.6318331479500000,0.9993236008486350,11.8737470489243000,23.4369180782363000,23.4352019724363000,10.9188435467061000,4.6938475131379000,0.0430190883150388,-3.8070988710399400,89.2640645600608000,8:59:48 PM,3:02:45 PM,2:56:52 AM,714.1125164804860000,900.1929011289600000,45.0482252822400000,50.2724666976651000,39.7275333023349000,0.0193865690763837,39.7469198714113000,293.4954861641550000
-77.0,167.0,4,7/5/10,12:00:00 AM,2455382.3333333300000000,0.1050604608715530,102.7239334171460000,4139.6059227091300000,0.0167042161749297,0.0128960398199879,102.7368294569660000,4139.6188187489500000,1.0167048689513600,102.7358177804010000,23.4379248861429000,23.4384500920257000,103.8388685390200000,22.8287104772783000,0.0430313532638778,-4.4579380609589800,#NUM!,4:56:27 AM,#NUM!,#NUM!,#NUM!,423.5420619390410000,-74.1144845152398000,108.7405923244640000,-18.7405923244637000,0.0170070456334255,-18.7235852788303000,#REF!
67.0,75.0,-9,12/28/13,12:00:00 AM,2456654.8750000000000000,0.1399007529089660,277.0012704537020000,5393.8233465705000000,0.0167027505122496,-0.2102937495931230,276.7909767041090000,5393.6130528209100000,0.9833985237519000,276.7879908878810000,23.4374718165748000,23.4353608627114000,-82.6081955438126000,-23.2613816319314000,0.0430196882431072,-1.5755992599840400,13.5394389475903000,###############################################################################################################################################################################################################################################################,###############################################################################################################################################################################################################################################################,###############################################################################################################################################################################################################################################################,108.3155115807220000,838.4244007400160000,29.6061001850040000,92.9479191041790000,-2.9479191041789600,0.1120467919037200,-2.8358723122752400,207.0312989696250000
27.0,-87.0,-4,8/3/12,12:00:00 AM,2456142.6666666700000000,0.1258772530230390,132.1444777193380000,4888.9906695080600000,0.0167033404903427,-0.9109985758669650,131.2334791434710000,4888.0796709321900000,1.0146755493818600,131.2319929218210000,23.4376541807409000,23.4364356503397000,133.6881419729320000,17.4043191843343000,0.0430237464786365,-6.1786430510034500,100.1844191157110000,1:54:11 PM,7:13:26 AM,8:34:55 PM,801.4753529256850000,1325.8213569490000000,151.4553392372490000,127.6670605412590000,-37.6670605412590000,0.0074743845352043,-37.6595861567238000,324.8285618647130000
3.0,-10.0,-7,2/18/11,12:00:00 AM,2455610.7916666700000000,0.1113153091489800,327.9032869847200000,4364.7745201965300000,0.0167039530683972,1.3682998887917600,329.2715868735110000,4366.1428200853300000,0.9882840377778440,329.2706768246940000,23.4378435469423000,23.4378319771286000,-28.6081522373763000,-11.7268050911645000,0.0430290191068563,-13.9822568166276000,90.2285915844632000,5:53:59 AM,###############################################################################################################################################################################################################################################################,11:54:54 AM,721.8287326757060000,366.0177431833720000,-88.4955642041569000,89.1385779610344000,0.8614220389656280,0.3770985496099210,1.2385205885755500,#REF!
0.0,-168.0,13,2/24/08,12:00:00 AM,2454519.9583333300000000,0.0814499201460230,332.7262898603080000,3289.6488804335000000,0.0167052092491677,1.4786730891087500,334.2049629494170000,3291.1275535226100000,0.9893496113589330,334.2018409054020000,23.4382319219594000,23.4403911187395000,-23.9167164930237000,-9.9693390438018800,0.0430386835135229,-13.4573378310075000,90.8457716036657000,12:25:27 PM,6:22:04 AM,6:28:50 PM,726.7661728293260000,1414.5426621689900000,173.6356655422480000,168.1897269975990000,-78.1897269975985000,0.0012064955424965,-78.1885205020561000,212.2370304306650000
86.0,154.0,-13,11/21/00,12:00:00 AM,2451870.0416666700000000,0.0088991558293364,240.8429207172540000,677.8902682266550000,0.0167082598961524,-1.3039359375966500,239.5389847796570000,676.5863322890580000,0.9877336693844780,239.5287443112540000,23.4391753849929000,23.4383916214990000,-122.6713541089210000,-20.0490956904071000,0.0430311324615558,14.0288132346357000,#NUM!,###############################################################################################################################################################################################################################################################,#NUM!,#NUM!,#NUM!,1410.0288132346400000,172.5072033086590000,114.0139940565410000,-24.0139940565413000,0.0129511182170064,-24.0010429383243000,352.2930405251680000
-89.0,125.0,1,4/27/03,12:00:00 AM,2452756.4583333300000000,0.0331679215149484,34.5371685327141000,1551.5427844623100000,0.0167072395806992,1.7669276733802200,36.3040962060943000,1553.3097121356900000,1.0063751066087200,36.2942300322534000,23.4388597897698000,23.4401052483471000,33.9725304872918000,13.6190197865798000,0.0430376038871079,2.2218592846832800,#NUM!,4:37:47 AM,#NUM!,#NUM!,#NUM!,442.2218592846830000,-69.4445351788292000,103.2660705921070000,-13.2660705921074000,0.0244735431851277,-13.2415970489223000,#REF!
-41.0,84.0,-3,1/22/11,12:00:00 AM,2455583.6250000000000000,0.1105715263518140,301.1265336503710000,4337.9990459018600000,0.0167039843557046,0.6034278848951270,301.7299615352660000,4338.6024737867500000,0.9841417720054590,301.7290505222200000,23.4378532192309000,23.4379059218955000,-56.0233001467450000,-19.7738421412807000,0.0430292983372500,-11.4101247677321000,109.4500177194290000,3:35:25 AM,###############################################################################################################################################################################################################################################################,10:53:13 AM,875.6001417554320000,504.5898752322680000,-53.8525311919330000,50.1427015611812000,39.8572984388188000,0.0192977967793735,39.8765962355982000,#REF!
-88.0,81.0,7,10/3/05,12:00:00 AM,2453646.2083333300000000,0.0575279488934562,191.5169079087500000,2428.4806347874200000,0.0167062152783032,-1.9123041773002100,189.6046037314500000,2426.5683306101200000,1.0007226454853200,189.5977757191810000,23.4385430076292000,23.4410293975609000,-171.1813333553940000,-3.8030038901194600,0.0430410941087354,10.7509867144971000,#NUM!,1:25:15 PM,#NUM!,#NUM!,#NUM!,1354.7509867145000000,158.6877466786240000,88.0604792058678000,1.9395207941322100,0.2876805449804240,2.2272013391126300,201.2758216357210000
-19.0,-64.0,-9,12/23/00,12:00:00 AM,2451901.8750000000000000,0.0097707049965777,272.2193616875700000,709.2652105258810000,0.0167082232567784,-0.3640823965504210,271.8552792910190000,708.9011281293310000,0.9835951028531520,271.8449977425480000,23.4391640512197000,23.4384523174395000,-87.9892073214963000,-23.4255755988713000,0.0430313616677226,0.7821666469613030,99.5520375442032000,7:15:13 AM,12:37:01 AM,1:53:26 PM,796.4163003536260000,284.7821666469610000,-108.8044583382600000,98.6399748241106000,-8.6399748241106400,0.0379731407780056,-8.6020016833326300,#REF!
-90.0,62.0,-11,6/28/08,12:00:00 AM,2454645.9583333300000000,0.0848996121378094,96.9178574149987000,3413.8345158426300000,0.0167050641617580,0.2014090138179050,97.1192664288166000,3414.0359248564500000,1.0166126148816300,97.1165954205245000,23.4381870615318000,23.4401718398108000,97.7492481034692000,23.2489309618632000,0.0430378553770515,-3.3313560584841000,#NUM!,###############################################################################################################################################################################################################################################################,#NUM!,#NUM!,#NUM!,904.6686439415160000,46.1671609853790000,113.2489309618630000,-23.2489309618632000,0.0134307296680042,-23.2355002321952000,#NUM!
-84.0,-57.0,9,11/10/03,12:00:00 AM,2452953.1250000000000000,0.0385523613963039,228.3811494819550000,1745.3775064753600000,0.0167070131860717,-1.5798815419348000,226.8012679400200000,1743.7976249334200000,0.9905165647021060,226.7918909285920000,23.4387897695634000,23.4404190091440000,-135.6743424625720000,-16.8544651470581000,0.0430387888460180,16.2274983816899000,#NUM!,12:31:46 AM,#NUM!,#NUM!,#NUM!,688.2274983816900000,-7.9431254045775300,67.2051989730777000,22.7948010269223000,0.0381425018154350,22.8329435287378000,#REF!
69.0,22.0,11,5/8/18,12:00:00 AM,2458246.0416666700000000,0.1834645220168790,45.3304993061120000,6962.0776593430200000,0.0167009174372634,1.6036034573919200,46.9341027635039000,6963.6812628004100000,1.0090679498665100,46.9247615311269000,23.4369053054829000,23.4352531159356000,44.4598977826565000,16.8886156181509000,0.0430192814190044,3.4425843974972700,146.4410137854240000,9:28:33 PM,11:42:48 AM,7:14:19 AM,1171.5281102833900000,871.4425843974970000,37.8606460993743000,57.1836932697523000,32.8163067302477000,0.0249547114433048,32.8412614416910000,224.3301361561270000
-37.0,139.0,5,10/5/10,12:00:00 AM,2455474.2916666700000000,0.1075781428245450,193.3624220742670000,4230.2400818668200000,0.0167041102713038,-1.9139453103249800,191.4484767639420000,4228.3261365565000000,1.0002100245119400,191.4475314465930000,23.4378921457424000,23.4382027671420000,-169.4749908577710000,-4.5278444977060900,0.0430304192948044,11.3331474041506000,94.4698863075532000,7:32:40 AM,1:14:47 AM,1:50:33 PM,755.7590904604250000,267.3331474041510000,-113.1667131489620000,105.4085214843420000,-15.4085214843420000,0.0209356904286017,-15.3875857939134000,#REF!
-54.0,-33.0,11,4/20/14,12:00:00 AM,2456767.0416666700000000,0.1429717088751950,27.5580496153607000,5504.3748447036300000,0.0167026213084108,1.8441724147467600,29.4022220301074000,5506.2190171183800000,1.0044078097002000,29.3988138218996000,23.4374318813020000,23.4351823924846000,27.3374093614835000,11.2582081712540000,0.0430190143865825,0.8758088835102580,75.5955310504288000,1:11:07 AM,8:08:45 PM,6:13:30 AM,604.7642484034310000,648.8758088835100000,-17.7810477791224000,66.9837799744936000,23.0162200255064000,0.0377390222751508,23.0539590477816000,#REF!
-13.0,-48.0,-3,10/3/01,12:00:00 AM,2452185.6250000000000000,0.0175393566050650,191.8968001985090000,988.9292904326970000,0.0167078966590898,-1.9131476847329100,189.9836525137760000,987.0161427479640000,1.0005921016831300,189.9731834212950000,23.4390630263469000,23.4390131438510000,-170.8351887313080000,-3.9501863746586900,0.0430334795485634,10.8733098273619000,91.7706188533986000,12:01:08 PM,5:54:03 AM,6:08:13 PM,734.1649508271880000,1438.8733098273600000,179.7183274568400000,163.0475052874550000,-73.0475052874551000,0.0017588361423764,-73.0457464513127000,180.9637723548600000
10.0,-35.0,5,8/31/13,12:00:00 AM,2456535.2916666700000000,0.1366267396760170,159.1342733594000000,5275.9619796865700000,0.0167028882566523,-1.5675469482015700,157.5667264111990000,5274.3944327383700000,1.0095392497548800,157.5641588334920000,23.4375143924424000,23.4355760561190000,159.2512546361770000,8.7305817465882300,0.0430205007642781,-0.4894333801181310,92.4079082018067000,7:20:29 PM,1:10:51 PM,1:30:07 AM,739.2632656144540000,999.5105666198820000,69.8776416549705000,68.8241410831014000,21.1758589168986000,0.0413288676118704,21.2171877845104000,275.5655116973400000
-19.0,98.0,11,4/26/16,12:00:00 AM,2457504.0416666700000000,0.1631496691763590,33.9801559292664000,6230.7622513854500000,0.0167017723048797,1.7761538136326400,35.7563097428990000,6232.5384051990800000,1.0061633583958700,35.7497475375254000,23.4371694834462000,23.4346524620856000,33.4451455762410000,13.4358397137766000,0.0430170135427725,2.1165288364035200,86.1899103138496000,4:25:53 PM,10:41:07 AM,10:10:39 PM,689.5192825107970000,1174.1165288364000000,113.5291322091010000,116.2815413810500000,-26.2815413810505000,0.0116841830396017,-26.2698571980109000,275.9716923872580000
-35.0,140.0,4,9/17/02,12:00:00 AM,2452534.3333333300000000,0.0270864704540312,175.6002485451230000,1332.6163219405000000,0.0167074952730847,-1.8154522568678100,173.7847962882550000,1330.8008696836300000,1.0052449933272100,173.7745437468940000,23.4389388740247000,23.4397022402072000,174.2847211290940000,2.4722826155573400,0.0430360818997778,5.1964583434025500,89.2856121802256000,6:34:48 AM,12:37:40 AM,12:31:57 PM,714.2848974418050000,325.1964583434030000,-98.7008854141494000,98.5425946730213000,-8.5425946730213100,0.0384126053034994,-8.5041820677178100,#REF!
3.0,-113.0,5,8/10/07,12:00:00 AM,2454322.2916666700000000,0.0760381017567833,137.8966614091150000,3094.8285582099200000,0.0167054368537633,-1.0748045909065500,136.8218568182080000,3093.7537536190100000,1.0138031189406800,136.8179596056840000,23.4383022982367000,23.4406754194662000,139.2707939748370000,15.7964998435505000,0.0430397572264314,-5.5107244795141700,91.7166004649571000,12:37:31 AM,6:30:39 PM,6:44:23 AM,733.7328037196570000,682.4892755204860000,-9.3776811198785600,15.7783254418275000,74.2216745581725000,0.0045598132235168,74.2262343713960000,#REF!
-11.0,-148.0,-2,5/29/18,12:00:00 AM,2458267.5833333300000000,0.1840543007072820,66.5629862556771000,6983.3091320455000000,0.0167008926172738,1.1245709382380300,67.6875571939151000,6984.4337029837400000,1.0134905955611700,67.6781552704116000,23.4368976358971000,23.4352847030567000,65.8920208431816000,21.5868018558447000,0.0430194006836309,2.6410949221712400,86.5038475511974000,7:49:22 PM,2:03:21 PM,1:35:22 AM,692.0307804095790000,970.6410949221710000,62.6602737305428000,69.5734407879407000,20.4265592120593000,0.0429615764079793,20.4695207884672000,298.1860914593140000
19.0,-59.0,7,1/9/01,12:00:00 AM,2451918.2083333300000000,0.0102178872918135,288.3182685731160000,725.3633484595000000,0.0167082044574438,0.1827571005774260,288.5010256736930000,725.5461055600770000,0.9833684469970320,288.4907245880370000,23.4391582359852000,23.4384837029342000,-69.9736944776518000,-22.1621861855197000,0.0430314801890703,-6.8684529037631400,82.8971918214904000,11:02:52 PM,5:31:17 PM,4:34:27 AM,663.1775345719230000,777.1315470962370000,14.2828867740592000,43.4660403462908000,46.5339596537092000,0.0152805247060212,46.5492401784152000,199.3983065278010000
-26.0,63.0,10,6/8/07,12:00:00 AM,2454259.0833333300000000,0.0743075519050921,75.5955344401505000,3032.5304071095200000,0.0167055096338523,0.8669257527980680,76.4624601929485000,3033.3973328623200000,1.0148811771249500,76.4583012145116000,23.4383248026232000,23.4407499342490000,75.2909810003867000,22.7519016011169000,0.0430400386473295,1.1995668609460800,79.2221024588800000,5:46:48 PM,12:29:55 PM,11:03:41 PM,633.7768196710400000,1093.1995668609500000,93.2998917152365000,102.5473955247800000,-12.5473955247800000,0.0259252802113098,-12.5214702445687000,289.4064039644520000
-4.0,-134.0,-5,2/10/16,12:00:00 AM,2457428.7083333300000000,0.1610871549167280,319.7280545944340000,6156.5136969319400000,0.0167018590915214,1.1581338528942200,320.8861884473280000,6157.6718307848300000,0.9866782542333850,320.8799553080620000,23.4371963047531000,23.4346528847800000,-36.7294442228819000,-14.5325247410174000,0.0430170151387079,-14.2233060551559000,91.9015334998749000,4:10:13 PM,10:02:37 AM,10:17:50 PM,735.2122679989990000,1189.7766939448400000,117.4441734862110000,115.3120233802060000,-25.3120233802055000,0.0121999025752450,-25.2998234776303000,251.8606502485900000
85.0,79.0,-6,1/20/18,12:00:00 AM,2458138.7500000000000000,0.1805270362765230,299.5787509644520000,6856.3309626141200000,0.0167010410558217,0.5491114691054810,300.1278624335580000,6856.8800740832200000,0.9839963838311780,300.1188445424110000,23.4369435050653000,23.4351058431704000,-57.6958608069986000,-20.1216103197261000,0.0430187253583041,-10.9421718657418000,#NUM!,12:54:57 AM,#NUM!,#NUM!,#NUM!,665.0578281342580000,-13.7355429664354000,105.2605576897350000,-15.2605576897350000,0.0211487576793098,-15.2394089320557000,#REF!
-17.0,113.0,-7,4/18/00,12:00:00 AM,2451652.7916666700000000,0.0029511749942919,26.7110317001947000,463.7686070327660000,0.0167085099403533,1.8501115623842100,28.5611432625789000,465.6187185951500000,1.0042394213381400,28.5512860796602000,23.4392527335382000,23.4379986667749000,26.5293272370278000,10.9589582693434000,0.0430296485620571,0.6962240636118560,87.4944565919174000,###############################################################################################################################################################################################################################################################,###############################################################################################################################################################################################################################################################,3:17:17 AM,699.9556527353390000,872.6962240636120000,38.1740560159030000,46.9610823917211000,43.0389176082789000,0.0172594407686485,43.0561770490475000,303.8812286898390000
-60.0,165.0,9,9/26/01,12:00:00 AM,2452178.1250000000000000,0.0173340177960301,184.5044449951060000,981.5372883208610000,0.0167079052918246,-1.8875918546030800,182.6168531405030000,979.6496964662580000,1.0027319062117000,182.6063848084390000,23.4390656966081000,23.4389980738471000,-177.6084224598130000,-1.0364471036915400,0.0430334226381085,8.3864753273525300,93.4636981250486000,9:51:37 AM,3:37:46 AM,4:05:28 PM,747.7095850003890000,128.3864753273530000,-147.9033811681620000,114.0693633743010000,-24.0693633743013000,0.0129175229148190,-24.0564458513865000,#REF!
25.0,171.0,-9,2/10/01,12:00:00 AM,2451950.8750000000000000,0.0111122518822724,320.5160823441130000,757.5596243260930000,0.0167081668586224,1.1866713276254000,321.7027536717390000,758.7462956537180000,0.9868619422427840,321.6924166681270000,23.4391466055160000,23.4385469265317000,-35.9340345169792000,-14.2745087953207000,0.0430317189414905,-14.2690819426373000,84.1406160556596000,###############################################################################################################################################################################################################################################################,###############################################################################################################################################################################################################################################################,###############################################################################################################################################################################################################################################################,673.1249284452770000,1209.7309180573600000,122.4327295143410000,125.1177193114350000,-35.1177193114352000,0.0082044848909721,-35.1095148265442000,269.7331081027930000
-14.0,157.0,3,4/23/15,12:00:00 AM,2457135.3750000000000000,0.1530561259411360,30.6048281811536000,5867.4042813469300000,0.0167021970115371,1.8146628389465700,32.4194910201002000,5869.2189441858800000,1.0052489234034000,32.4145494885033000,23.4373007417064000,23.4347723199506000,30.2250181576036000,12.3091343701669000,0.0430174660824492,1.5042796258201900,87.7609843720654000,4:30:30 AM,###############################################################################################################################################################################################################################################################,10:21:32 AM,702.0878749765230000,449.5042796258200000,-67.6239300935449000,71.9823180085676000,18.0176819914324000,0.0490597796392210,18.0667417710716000,#REF!
-47.0,41.0,-10,5/14/08,12:00:00 AM,2454600.9166666700000000,0.0836664385124301,52.5226575042675000,3369.4414365182500000,0.0167051160270150,1.4588142404003800,53.9814717446679000,3370.9002507586500000,1.0107774121059300,53.9786438929731000,23.4382030979480000,23.4402534446772000,51.6026794398423000,18.7678085250437000,0.0430381635678362,3.6648879162801200,70.0086705887298000,###############################################################################################################################################################################################################################################################,###############################################################################################################################################################################################################################################################,3:52:22 AM,560.0693647098390000,767.6648879162800000,11.9162219790700000,66.6391823554702000,23.3608176445298000,0.0371251415949618,23.3979427861248000,347.7041383453110000
56.0,-177.0,-5,12/21/08,12:00:00 AM,2454821.7083333300000000,0.0897113848961941,270.1453812186150000,3587.0537652266400000,0.0167048617828147,-0.4377520297111570,269.7076291889030000,3586.6160131969300000,0.9837351206702680,269.7055177606530000,23.4381244883546000,23.4398216649185000,-90.3209686012973000,-23.4394935565055000,0.0430365329121899,1.8457890929814600,52.0888738905743000,6:46:09 PM,3:17:48 PM,10:14:31 PM,416.7109911245950000,1033.8457890929800000,78.4614472732454000,103.1294075270180000,-13.1294075270175000,0.0247375751944790,-13.1046699518231000,247.3788257126540000
15.0,9.0,-8,8/11/07,12:00:00 AM,2454323.8333333300000000,0.0760803102897601,139.4162010916220000,3096.3480253102300000,0.0167054350786297,-1.1157377269437700,138.3004633646780000,3095.2322875832900000,1.0135522028590400,138.2965724638640000,23.4383017493492000,23.4406735001092000,140.7327442665910000,15.3459150578906000,0.0430397499775850,-5.2805750626877800,95.1141828319108000,3:29:17 AM,###############################################################################################################################################################################################################################################################,9:49:44 AM,760.9134626552860000,510.7194249373120000,-52.3201437656719000,50.3671718417104000,39.6328281582896000,0.0194516601196444,39.6522798184092000,#REF!
17.0,114.0,-2,6/9/02,12:00:00 AM,2452434.5833333300000000,0.0243554642938669,77.2819243261406000,1234.3026938600400000,0.0167076100941905,0.8148124140455460,78.0967367401861000,1235.1175062740900000,1.0151075400858700,78.0863723561606000,23.4389743885042000,23.4395095606399000,77.0495516658110000,22.9055029868124000,0.0430353542427338,0.8844881568577030,98.3768901891064000,2:23:07 AM,###############################################################################################################################################################################################################################################################,8:56:37 AM,787.0151215128520000,576.8844881568580000,-35.7788779607856000,34.0602281532480000,55.9397718467520000,0.0109045144051340,55.9506763611572000,#REF!
-80.0,-118.0,12,8/30/05,12:00:00 AM,2453612.0000000000000000,0.0565913757700205,157.7995544305710000,2394.7648918330200000,0.0167062546625694,-1.5448488672280000,156.2547055633430000,2393.2200429657900000,1.0098229358574300,156.2477313654710000,23.4385551869951000,23.4410210683211000,158.0141071817900000,9.2201888353452600,0.0430410626511258,-0.8949326951788920,33.3027736969786000,7:52:54 AM,5:39:41 AM,10:06:06 AM,266.4221895758290000,247.1050673048210000,-118.2237331737950000,103.8189547391770000,-13.8189547391768000,0.0234577286929764,-13.7954970104838000,#REF!
14.0,78.0,3,8/25/18,12:00:00 AM,2458355.3750000000000000,0.1864579055441480,153.0946110199650000,7069.8366233082300000,0.0167007914641027,-1.4429247224146900,151.6516862975500000,7068.3936985858200000,1.0109328069628300,151.6420524931800000,23.4368663789979000,23.4354198772107000,153.6542230291110000,10.8889544351501000,0.0430199110675550,-2.2810354775792600,93.6247148833069000,9:50:17 AM,3:35:47 AM,4:04:47 PM,748.9977190664550000,129.7189645224210000,-147.5702588693950000,139.3349251664120000,-49.3349251664116000,0.0049568668974911,-49.3299682995141000,#REF!
19.0,71.0,-8,6/8/08,12:00:00 AM,2454625.8333333300000000,0.0843486196668991,77.0817042634189000,3393.9993101872600000,0.0167050873356439,0.8236832356417170,77.9053874990607000,3394.8229934229000000,1.0150678222503700,77.9026470422713000,23.4381942267391000,23.4402087334754000,76.8508501865330000,22.8896820299278000,0.0430379947103520,0.9113546632575630,99.3268715060224000,###############################################################################################################################################################################################################################################################,###############################################################################################################################################################################################################################################################,5:52:24 AM,794.6149720481790000,764.9113546632570000,11.2278386658144000,11.1794010622385000,78.8205989377615000,0.0031894066688788,78.8237883444304000,292.3020824404690000
26.0,134.0,-12,6/19/15,12:00:00 AM,2457193.0000000000000000,0.1546338124572210,87.4027574578031000,5924.1994975067200000,0.0167021306288240,0.5108661235196040,87.9136235813227000,5924.7103636302400000,1.0160922795536100,87.9084296741849000,23.4372802251849000,23.4347340498421000,87.7205835230609000,23.4181891357964000,0.0430173215881674,-1.2904634714279500,103.2306506695030000,###############################################################################################################################################################################################################################################################,###############################################################################################################################################################################################################################################################,###############################################################################################################################################################################################################################################################,825.8452053560230000,1254.7095365285700000,133.6773841321430000,113.2878179146490000,-23.2878179146490000,0.0134056351671614,-23.2744122794819000,313.7362739558460000
82.0,5.0,10,12/6/10,12:00:00 AM,2455536.0833333300000000,0.1092699064567690,254.2672153159540000,4291.1419658856600000,0.0167040391081554,-0.9409928217938220,253.3262224941600000,4290.2009730638700000,0.9854377483695670,253.3253025462060000,23.4378701457361000,23.4380352209345000,-108.0802994652210000,-22.3975650272989000,0.0430297865989269,9.3708123831793300,#NUM!,9:30:38 PM,#NUM!,#NUM!,#NUM!,869.3708123831790000,37.3427030957948000,105.9634534957300000,-15.9634534957296000,0.0201709314359100,-15.9432825642937000,215.6841272868440000
-56.0,-22.0,-12,10/21/02,12:00:00 AM,2452569.0000000000000000,0.0280355920602327,209.7693570465270000,1366.7837983654300000,0.0167074553682311,-1.8437814944397400,207.9255755520870000,1364.9400168710000000,0.9954342346331540,207.9153710119950000,23.4389265314816000,23.4397677822824000,-154.0758369421820000,-10.7328331219083000,0.0430363294218466,15.3725066782220000,107.9070702286520000,1:12:38 AM,###############################################################################################################################################################################################################################################################,8:24:15 AM,863.2565618292180000,647.3725066782220000,-18.1568733304445000,47.4335331261200000,42.5664668738800000,0.0175464796395170,42.5840133535195000,#REF!
38.0,-24.0,-7,9/26/02,12:00:00 AM,2452543.7916666700000000,0.0273454255076389,184.9228298306440000,1341.9384579360100000,0.0167074843856052,-1.8897365326775700,183.0330932979670000,1340.0487214033300000,1.0026166644159300,183.0228533905270000,23.4389355065280000,23.4397202035873000,-177.2261881923290000,-1.2019732034778400,0.0430361497390698,8.5322680573343900,90.1180654881870000,6:27:28 AM,12:27:00 AM,12:27:56 PM,720.9445239054960000,332.5322680573340000,-96.8669329856664000,96.1488341454234000,-6.1488341454233900,0.0535591790620864,-6.0952749663613100,#REF!
55.0,32.0,-8,6/15/11,12:00:00 AM,2455727.8333333300000000,0.1145197353410950,83.2650969836686000,4480.1308197258200000,0.0167038182722441,0.6380108418794160,83.9031078255480000,4480.7688305677000000,1.0157419784542700,83.9021675061929000,23.4378018759931000,23.4375139961730000,83.3585197467905000,23.2970505093316000,0.0430278183576384,-0.3757827495153590,129.9834974164460000,1:52:23 AM,###############################################################################################################################################################################################################################################################,10:32:19 AM,1039.8679793315700000,607.6242172504850000,-28.0939456873788000,37.9345588519219000,52.0654411480781000,0.0125702223833208,52.0780113704614000,#REF!
5.0,24.0,-11,3/21/01,12:00:00 AM,2451989.9583333300000000,0.0121822952315808,359.0384666782440000,796.0801686664940000,0.0167081218740520,1.8674400043545200,360.9059066825990000,797.9476086708480000,0.9962461960051870,360.8955322733560000,23.4391326904901000,23.4386232812995000,0.8216495345813350,0.3562004949640030,0.0430320072823437,-7.1482017936058200,90.8673656617912000,###############################################################################################################################################################################################################################################################,###############################################################################################################################################################################################################################################################,5:34:37 AM,726.9389252943300000,748.8517982063940000,7.2129495515985400,8.5702488492226600,81.4297511507773000,0.0024321397027693,81.4321832904801000,237.4079735682440000
-85.0,-5.0,12,6/28/00,12:00:00 AM,2451723.0000000000000000,0.0048733744010951,95.9116901164412000,532.9659601433720000,0.0167084291349512,0.2297017508827890,96.1413918673239000,533.1956618942550000,1.0165877939435900,96.1313916209774000,23.4392277369343000,23.4381210240186000,96.6780097487193000,23.2961054041608000,0.0430301106119441,-3.1031583085030300,#NUM!,12:23:06 AM,#NUM!,#NUM!,#NUM!,696.8968416914970000,-5.7757895771257500,108.3206313025790000,-18.3206313025787000,0.0174258174243904,-18.3032054851544000,#REF!
78.0,57.0,9,8/19/03,12:00:00 AM,2452870.1250000000000000,0.0362799452429843,146.5724185367620000,1663.5726831183300000,0.0167071087331749,-1.2998198060826500,145.2725987306790000,1662.2728633122500000,1.0122355727565600,145.2629994314050000,23.4388193204648000,23.4402924430895000,147.5368338890060000,13.1009036802416000,0.0430383108505444,-3.8963475289624200,#NUM!,5:15:54 PM,#NUM!,#NUM!,#NUM!,1124.1036524710400000,101.0259131177590000,79.4563418306630000,10.5436581693370000,0.0838002713407136,10.6274584406777000,283.4896526272220000
-17.0,-64.0,-13,11/25/07,12:00:00 AM,2454430.0416666700000000,0.0789881359799182,244.1001646054780000,3201.0269884954800000,0.0167053127852306,-1.2237597775278100,242.8764048279500000,3199.8032287179500000,0.9871261620158120,242.8729392690020000,23.4382639354518000,23.4405298407903000,-119.1792191187810000,-20.7345185141622000,0.0430392074205257,13.1084096820122000,97.5847014346363000,3:02:53 AM,###############################################################################################################################################################################################################################################################,9:33:14 AM,780.6776114770900000,537.1084096820120000,-45.7228975794969000,43.2898983650011000,46.7101016349989000,0.0151869113932612,46.7252885463921000,#REF!
81.0,156.0,-8,1/7/12,12:00:00 AM,2455933.8333333300000000,0.1201597079625870,286.3084535788200000,4683.1644775577100000,0.0167035810170167,0.1079090995528610,286.4163626783730000,4683.2723866572600000,0.9833237619138500,286.4152348140710000,23.4377285327496000,23.4369644714692000,-72.1983861001402000,-22.4283359945649000,0.0430257433032936,-5.9698656941941300,#NUM!,###############################################################################################################################################################################################################################################################,#NUM!,#NUM!,#NUM!,1098.0301343058100000,94.5075335764515000,112.8422073885320000,-22.8422073885317000,0.0136980320894500,-22.8285093564423000,270.7502419991250000
-72.0,119.0,-10,7/24/06,12:00:00 AM,2453940.9166666700000000,0.0655966233173583,121.9953989780710000,2718.9452509944100000,0.0167058759695660,-0.6094679275323310,121.3859310505390000,2718.3357830668800000,1.0158306747800800,121.3803939282080000,23.4384380811257000,23.4409967714813000,123.6159086231800000,19.8535550031223000,0.0430409708876604,-6.5017392993423000,#NUM!,###############################################################################################################################################################################################################################################################,#NUM!,#NUM!,#NUM!,1069.4982607006600000,87.3745651751644000,108.0400385512050000,-18.0400385512054000,0.0177160998976881,-18.0223224513077000,278.8279034397800000
35.0,-127.0,-10,6/1/14,12:00:00 AM,2456809.9166666700000000,0.1441455624001780,69.8176802845919000,5546.6324567307800000,0.0167025719204280,1.0345943983283000,70.8522746829202000,5547.6670511291100000,1.0140330000244500,70.8486982899916000,23.4374166162965000,23.4351204813637000,69.2680076193254000,22.0675409110313000,0.0430187806278467,2.1811701149517300,107.6386901617070000,10:25:49 AM,3:15:16 AM,5:36:22 PM,861.1095212936580000,94.1811701149517000,-156.4547074712620000,118.7146205103860000,-28.7146205103860000,0.0105327390656549,-28.7040877713203000,#REF!
33.0,31.0,-9,1/26/04,12:00:00 AM,2453030.8750000000000000,0.0406810403832991,305.0152317858660000,1822.0079283535400000,0.0167069236814236,0.7315482201909020,305.7467800060570000,1822.7394765737300000,0.9845516027543530,305.7376309201360000,23.4387620878445000,23.4405288938598000,-51.8931096845010000,-18.8379017108160000,0.0430392038442730,-12.4166594276469000,78.2735032512567000,1:08:25 AM,###############################################################################################################################################################################################################################################################,6:21:31 AM,626.1880260100530000,651.5833405723530000,-17.1041648569117000,54.3535306408651000,35.6464693591349000,0.0224513871193593,35.6689207462543000,#REF!
-28.0,-147.0,-3,7/2/10,12:00:00 AM,2455379.6250000000000000,0.1049863107460640,100.0544718118260000,4136.9365886150400000,0.0167042192939519,0.1002049327872170,100.1546767446130000,4137.0367935478200000,1.0166821613726300,100.1536625987210000,23.4379258504048000,23.4384573262391000,101.0452461422350000,23.0499972367622000,0.0430313805824891,-3.9613669584666300,77.9742625608539000,6:51:58 PM,1:40:04 PM,12:03:52 AM,623.7941004868310000,1028.0386330415300000,77.0096582603833000,90.0678815725890000,-0.0678815725889734,0.4918490845274510,0.4239675119384770,296.2833275398820000
38.0,98.0,9,11/19/07,12:00:00 AM,2454423.1250000000000000,0.0787987679671458,237.2827703554360000,3194.2099198849600000,0.0167053207494795,-1.3922683958410200,235.8905019595950000,3192.8176514891200000,0.9884984784131550,235.8870093095270000,23.4382663980281000,23.4405398726150000,-126.4388968780370000,-19.2292956796756000,0.0430392453075219,14.8964717360642000,75.3460040876918000,2:13:06 PM,9:11:43 AM,7:14:29 PM,602.7680327015340000,1306.8964717360600000,146.7241179340160000,145.5701360871000000,-55.5701360870998000,0.0039552204915727,-55.5661808666082000,293.6124465355630000
56.0,-29.0,4,11/19/04,12:00:00 AM,2453328.3333333300000000,0.0488250057038601,238.2042530158960000,2115.1829453763900000,0.0167065812411975,-1.3695265585791200,236.8347264573170000,2113.8134188178100000,0.9882911643453690,236.8266028229590000,23.4386561822674000,23.4408595499569000,-125.4707223048980000,-19.4490109220111000,0.0430404526361346,14.6880286458140000,60.2678231860592000,5:41:19 PM,1:40:14 PM,9:42:23 PM,482.1425854884740000,1098.6880286458100000,94.6720071614535000,108.6019154241910000,-18.6019154241912000,0.0171433122241336,-18.5847721119671000,262.5723836979440000
41.0,63.0,5,7/13/03,12:00:00 AM,2452833.2916666700000000,0.0352715035363863,110.2677407486800000,1627.2697394190700000,0.0167071511341810,-0.2373427029266810,110.0303980457540000,1627.0323967161400000,1.0165782450485700,110.0207073936890000,23.4388324344187000,23.4402334441364000,111.6607267195460000,21.9472765331855000,0.0430380880332309,-5.6078577751826300,111.7805579164800000,12:53:36 PM,5:26:29 AM,8:20:44 PM,894.2444633318370000,1386.3921422248200000,166.5980355562040000,115.8328597381850000,-25.8328597381848000,0.0119183695985719,-25.8209413685862000,346.1811819423580000
-73.0,128.0,-13,5/12/12,12:00:00 AM,2456060.0416666700000000,0.1236151038101710,50.7053644146436000,4807.5554463172900000,0.0167034356558172,1.4981567459012900,52.2035211605448000,4809.0536030631900000,1.0103549402900100,52.2021962631690000,23.4376835981456000,23.4366403762242000,49.7901610077352000,18.3174391194796000,0.0430245195161053,3.6521511817279900,#NUM!,###############################################################################################################################################################################################################################################################,#NUM!,#NUM!,#NUM!,1295.6521511817300000,143.9130377954320000,121.6581071184880000,-31.6581071184882000,0.0093577232728535,-31.6487493952154000,221.0654007572840000
41.0,70.0,9,4/8/04,12:00:00 AM,2453103.1250000000000000,0.0426591375770021,16.2282536077187000,1893.2175486828200000,0.0167068405072648,1.9088534753547900,18.1371070830735000,1895.1264021581800000,1.0012165260316900,18.1281858293789000,23.4387363643171000,23.4406228453923000,16.7190052836528000,7.1098807640461400,0.0430395586698778,-1.9801490961558100,97.3447943324610000,4:21:59 PM,9:52:36 AM,10:51:22 PM,778.7583546596880000,1178.0198509038400000,114.5049627259610000,103.2631203386560000,-13.2631203386564000,0.0244791866089740,-13.2386411520474000,291.9251223626430000
-16.0,-139.0,-6,6/22/03,12:00:00 AM,2452812.7500000000000000,0.0347091033538672,90.0209012135260000,1607.0238669715100000,0.0167071747807841,0.4213108008320160,90.4422120143580000,1607.4451777723400000,1.0162953072735500,90.4324724225496000,23.4388397479699000,23.4401998303038000,90.4713703628128000,23.4394921744316000,0.0430379610864459,-1.8400929467463500,83.8093966616713000,3:17:50 PM,9:42:36 AM,8:53:05 PM,670.4751732933700000,1242.1599070532500000,130.5399767633130000,133.0694601428610000,-43.0694601428608000,0.0061725478636253,-43.0632875949971000,287.3621578513860000
-74.0,24.0,5,11/19/17,12:00:00 AM,2458076.2916666700000000,0.1788170203057220,238.0168594077280000,6794.7720117790100000,0.0167011130176182,-1.3787687992303100,236.6380906084970000,6793.3932429797900000,0.9883817003373320,236.6292762201210000,23.4369657424153000,23.4350283150147000,-125.6730833749810000,-19.3986096709565000,0.0430184326352720,14.7456949648050000,#NUM!,3:09:15 PM,#NUM!,#NUM!,#NUM!,1250.7456949648000000,132.6864237412010000,81.7783702096414000,8.2216297903585900,0.1056305675151580,8.3272603578737500,224.4707903737350000
28.0,129.0,5,4/8/01,12:00:00 AM,2452007.2916666700000000,0.0126568560346752,16.1230209243595000,813.1639068809400000,0.0167081019234460,1.9091342859709100,18.0321552103304000,815.0730411669110000,1.0012010559440400,18.0217661654111000,23.4391265192205000,23.4386573641501000,16.6200913848624000,7.0687640566947100,0.0430321359907957,-2.0107887027857900,94.7337214177022000,8:26:01 AM,2:07:05 AM,2:44:57 PM,757.8697713416170000,213.9892112972140000,-126.5026971756960000,117.6109363409600000,-27.6109363409601000,0.0110318628421191,-27.5999044781179000,#REF!
90.0,31.0,1,8/27/11,12:00:00 AM,2455800.4583333300000000,0.1165080994752500,154.8477366548790000,4551.7100401154800000,0.0167037346291792,-1.4829875848637800,153.3647490700150000,4550.2270525306200000,1.0105205897844500,153.3637620030580000,23.4377760189393000,23.4373181749510000,155.2893567378870000,10.2718668966865000,0.0430270789130089,-1.7777198536137200,#NUM!,10:57:47 AM,#NUM!,#NUM!,#NUM!,62.2222801463863000,-164.4444299634030000,79.7281331033135000,10.2718668966865000,0.0859103091114841,10.3577772057980000,#REF!
-59.0,11.0,-4,11/23/15,12:00:00 AM,2457349.6666666700000000,0.1589231120237240,241.8208442911720000,6078.6102081034000000,0.0167019501491343,-1.2854443825933900,240.5353999085780000,6077.3247637208100000,0.9875949874703190,240.5295148349520000,23.4372244463573000,23.4346665790694000,-121.6287335303810000,-20.2577524298558000,0.0430170668432316,13.7854775632275000,130.1154063591830000,7:02:13 AM,###############################################################################################################################################################################################################################################################,3:42:41 PM,1040.9232508734600000,297.7854775632270000,-105.5536306091930000,80.3732543514366000,9.6267456485633700,0.0913342745431025,9.7180799231064700,#REF!
12.0,-163.0,5,8/26/10,12:00:00 AM,2455434.2916666700000000,0.1064830025096920,153.9365275966170000,4190.8160706338600000,0.0167041563374191,-1.4642137367782100,152.4723138598380000,4189.3518568970800000,1.0107199228159200,152.4713438640850000,23.4379063871491000,23.4383107155269000,154.4429733365540000,10.5936398503479000,0.0430308269372451,-2.0361391035715200,93.1456887097281000,3:54:02 AM,9:41:27 PM,10:06:37 AM,745.1655096778250000,485.9638608964290000,-58.5090347758929000,57.2848092244196000,32.7151907755804000,0.0250511076082320,32.7402418831887000,#REF!
54.0,-133.0,4,3/10/07,12:00:00 AM,2454169.3333333300000000,0.0718503308236410,347.1336837565160000,2944.0727818799200000,0.0167056129735582,1.7372428200994600,348.8709265766150000,2945.8100247000200000,0.9929250214824990,348.8663871592850000,23.4383567567748000,23.4408414867834000,-10.2350345689762000,-4.4054928376046500,0.0430403844162780,-10.5321267061323000,85.3405811236258000,1:02:32 AM,7:21:10 PM,6:43:54 AM,682.7246489890060000,657.4678732938680000,-15.6330316765331000,59.8527007420760000,30.1472992579240000,0.0276892540744796,30.1749885119985000,#REF!
46.0,1.0,1,8/26/03,12:00:00 AM,2452877.4583333300000000,0.0364807209673782,153.8004991825490000,1670.8004185155500000,0.0167071002913149,-1.4641358195383200,152.3363633630100000,1669.3362826960200000,1.0107253034733800,152.3267827958070000,23.4388167095419000,23.4403039883597000,154.3060149855480000,10.6463490294385000,0.0430383544528504,-2.0650341311638600,102.4716397845300000,12:58:04 PM,6:08:11 AM,7:47:57 PM,819.7731182762420000,1381.9349658688400000,165.4837414672090000,121.8711681575170000,-31.8711681575168000,0.0092802987604816,-31.8618878587564000,343.1377343430770000
-84.0,-108.0,3,9/23/05,12:00:00 AM,2453636.3750000000000000,0.0572587268993840,181.8247088576130000,2418.7888986883800000,0.0167062265995035,-1.8699316986000700,179.9547771590130000,2416.9189669897900000,1.0035163167056600,179.9479070021290000,23.4385465086406000,23.4410272569358000,179.9522062347210000,0.0207228503641023,0.0430410860240892,7.4365622119659800,97.7957070838330000,10:04:34 PM,3:33:23 PM,4:35:45 AM,782.3656566706640000,835.4365622119660000,28.8591405529915000,84.7680872197939000,5.2319127802061000,0.1546343516052720,5.3865471318113700,331.0086752498180000
-81.0,-34.0,6,10/28/00,12:00:00 AM,2451845.2500000000000000,0.0082203969883641,216.4070799098110000,653.4555945774990000,0.0167082884306101,-1.7708629772332500,214.6362169325780000,651.6847316002650000,0.9935877398779340,214.6260111871770000,23.4391842116878000,23.4383448184698000,-147.6437810667480000,-13.0625875107956000,0.0430309557196610,16.2072883893421000,#NUM!,7:59:48 PM,#NUM!,#NUM!,#NUM!,960.2072883893420000,60.0518220973355000,72.5840436362291000,17.4159563637709000,0.0508269561711129,17.4667833199420000,297.7965278813310000
73.0,167.0,-13,3/26/04,12:00:00 AM,2453091.0416666700000000,0.0423283139402193,4.3183479970557500,1881.3082119494800000,0.0167068544176603,1.8981246739245600,6.2164726709803200,1883.2063366234100000,0.9977500222615540,6.2075122825905500,23.4387406664065000,23.4406077041560000,5.6987462585163000,2.4652700864443000,0.0430395014860485,-5.5313577260789800,100.9873850702870000,###############################################################################################################################################################################################################################################################,###############################################################################################################################################################################################################################################################,###############################################################################################################################################################################################################################################################,807.8990805622970000,2.4686422739209800,-179.3828394315200000,104.5337269196200000,-14.5337269196197000,0.0222568786405585,-14.5114700409791000,#REF!
62.0,-46.0,-10,6/6/15,12:00:00 AM,2457179.9166666700000000,0.1542756103125670,74.5072044619519000,5911.3045605043400000,0.0167021457005872,0.9024062254307780,75.4096106873827000,5912.2069667297700000,1.0147148200080900,75.4044742294647000,23.4372848833105000,23.4347421067097000,74.1556689973365000,22.6356659859285000,0.0430173520080045,1.3830193434737300,144.8647841294350000,5:02:37 AM,###############################################################################################################################################################################################################################################################,2:42:05 PM,1158.9182730354800000,417.3830193434740000,-75.6542451641316000,63.4369701294186000,26.5630298705814000,0.0321257928152102,26.5951556633966000,#REF!
-35.0,-29.0,7,12/1/06,12:00:00 AM,2454070.2083333300000000,0.0691364362308963,249.4313890642210000,2846.3751540127500000,0.0167057271060236,-1.0787464451995300,248.3526426190220000,2845.2964075675500000,0.9861778509793630,248.3476739361770000,23.4383920487547000,23.4409227330394000,-113.3978841717680000,-21.6992284354278000,0.0430406912624832,11.2885677233451000,107.3217196333380000,8:44:43 PM,1:35:25 PM,3:54:00 AM,858.5737570667030000,915.2885677233450000,48.8221419308363000,44.5056524721120000,45.4943475278880000,0.0158443304683012,45.5101918583564000,273.9274799556090000
-52.0,-175.0,-8,4/24/14,12:00:00 AM,2456771.8333333300000000,0.1431028975587540,32.2809432278327000,5509.0975127147700000,0.0167026157888771,1.7960669141821600,34.0770101420149000,5510.8935796289500000,1.0057127789139700,34.0735833106542000,23.4374301753004000,23.4351752966708000,31.8231033459855000,12.8747529028012000,0.0430189875947781,1.8210773890490600,74.4351126968071000,3:38:11 PM,10:40:26 AM,8:35:55 PM,595.4809015744570000,1221.8210773890500000,125.4552693472620000,121.5829026805810000,-31.5829026805807000,0.0093852752595313,-31.5735174053211000,248.7737733252000000
24.0,64.0,3,8/8/01,12:00:00 AM,2452129.3750000000000000,0.0159993155373032,136.4541361736080000,933.4892745936130000,0.0167079614043403,-1.0382831944856500,135.4158529791230000,932.4509913991270000,1.0140185347214600,135.4053951832550000,23.4390830533054000,23.4389002360902000,137.8677432411540000,16.2166038137165000,0.0430330531639953,-5.6945575554004500,98.3989055787592000,10:49:42 AM,4:16:06 AM,5:23:17 PM,787.1912446300730000,70.3054424445995000,-162.4236393888500000,136.2743064879060000,-46.2743064879064000,0.0055188842803956,-46.2687876036260000,#REF!
-27.0,103.0,10,5/20/17,12:00:00 AM,2457893.0833333300000000,0.1738010495094730,57.4380487616618000,6614.2018271035000000,0.0167013240980796,1.3521833794689900,58.7902321411308000,6615.5540104829700000,1.0117858659051200,58.7820720498911000,23.4370309709898000,23.4348392704344000,56.5538484638461000,19.8841184649124000,0.0430177188642314,3.4993174919854600,80.3903373879150000,3:04:30 PM,9:42:56 AM,8:26:04 PM,643.1226991033200000,1255.4993174919900000,133.8748293729960000,137.3188584142840000,-47.3188584142841000,0.0053208875331984,-47.3135375267509000,270.6045608309850000
-6.0,96.0,-6,8/7/09,12:00:00 AM,2455050.7500000000000000,0.0959822039698836,135.8996956891490000,3812.7972962409000000,0.0167045980288574,-1.0189173837268100,134.8807783054220000,3811.7783788571800000,1.0141229628965800,134.8792528153930000,23.4380429414691000,23.4392995524653000,137.3438557242670000,16.3714351749566000,0.0430345611515505,-5.7811558934566100,89.1037988884331000,###############################################################################################################################################################################################################################################################,###############################################################################################################################################################################################################################################################,5:38:12 AM,712.8303911074650000,738.2188441065430000,4.5547110266358600,22.8207864074135000,67.1792135925865000,0.0067896064980146,67.1860031990846000,348.6708421189670000
6.0,-107.0,4,10/14/17,12:00:00 AM,2458040.3333333300000000,0.1778325347935250,202.5746229756690000,6759.3314683696000000,0.0167011544469221,-1.8945568196746400,200.6800661559940000,6757.4369115499200000,0.9975656470646000,200.6713736935660000,23.4369785448392000,23.4349865877450000,-160.9054201808750000,-8.0706435795024700,0.0430182750860797,13.8986400735587000,89.9920233836126000,10:54:06 PM,4:54:08 PM,4:54:04 AM,719.9361870689010000,785.8986400735590000,16.4746600183897000,21.6319206439120000,68.3680793560880000,0.0063990287141316,68.3744783848021000,229.6113001213070000
-39.0,120.0,5,11/18/08,12:00:00 AM,2454788.2916666700000000,0.0887964864248189,237.2083318833020000,3554.1182891704600000,0.0167049002630940,-1.3943627890143800,235.8139690942880000,3552.7239263814500000,0.9885183781297370,235.8117581044460000,23.4381363858626000,23.4398919351289000,-126.5161952415710000,-19.2109784936186000,0.0430367982917716,14.9133963492831000,107.5766137383920000,8:45:05 AM,1:34:47 AM,3:55:24 PM,860.6129099071340000,194.9133963492830000,-131.2716509126790000,106.0815795712620000,-16.0815795712621000,0.0200147825004349,-16.0615647887617000,#REF!
40.0,-28.0,-7,9/25/13,12:00:00 AM,2456560.7916666700000000,0.1373248916267350,184.2682811015790000,5301.0947868411500000,0.0167028588842061,-1.8845000582580600,182.3837810433210000,5299.2102867829000000,1.0028578261573600,182.3811273098720000,23.4375053135465000,23.4355281080976000,-177.8150972923170000,-0.9467850783221850,0.0430203197227783,8.2970027401615200,90.2929963882352000,6:43:42 AM,12:42:32 AM,12:44:52 PM,722.3439711058820000,316.2970027401620000,-100.9257493149600000,98.9629068050460000,-8.9629068050459800,0.0365836177451354,-8.9263231873008400,#REF!
-48.0,-1.0,-10,8/31/00,12:00:00 AM,2451787.9166666700000000,0.0066506958704042,159.8966312531620000,596.9478450953760000,0.0167083544190935,-1.5865109389475400,158.3101203142150000,595.3613341564280000,1.0093072534402800,158.3000039171380000,23.4392046243465000,23.4382383179749000,159.9421900087980000,8.4571988803411900,0.0430305535441811,-0.2329274114513280,81.7687708841038000,2:04:14 AM,###############################################################################################################################################################################################################################################################,7:31:18 AM,654.1501670728310000,595.7670725885490000,-31.0582318528628000,62.7625898586666000,27.2374101413334000,0.0312106146009893,27.2686207559344000,#REF!
-24.0,-134.0,3,6/23/17,12:00:00 AM,2457927.3750000000000000,0.1747399041752220,91.2375395863573000,6647.9997033805300000,0.0167012845899861,0.3899477146237970,91.6274873009811000,6648.3896510951600000,1.0163491071556200,91.6191987742961000,23.4370187619567000,23.4348700814332000,91.7646815257794000,23.4249537064759000,0.0430178351961354,-2.1400318855360800,79.8890659718313000,11:58:08 PM,6:38:35 PM,5:17:42 AM,639.1125277746500000,721.8599681144640000,0.4649920286159670,47.4271015093482000,42.5728984906518000,0.0175425378520501,42.5904410285038000,359.4206127734800000
-73.0,70.0,4,2/21/13,12:00:00 AM,2456344.3333333300000000,0.1313985854437640,330.9166957834700000,5087.7533927712100000,0.0167031082101137,1.4368910040323600,332.3535867875030000,5089.1902837752400000,0.9889266052828150,332.3516061454500000,23.4375823803191000,23.4359677554392000,-25.6711400829510000,-10.6355715030682000,0.0430219797527921,-13.6766116504547000,131.6684619997990000,11:33:41 AM,2:47:00 AM,8:20:21 PM,1053.3476959983900000,26.3233883495453000,-173.4191529126140000,96.2552889313095000,-6.2552889313094800,0.0526405921113020,-6.2026483391981800,#REF!
59.0,-119.0,13,9/14/12,12:00:00 AM,2456183.9583333300000000,0.1270077572439010,172.8435000531090000,4929.6877477639800000,0.0167032929311148,-1.7818185256287500,171.0616815274800000,4927.9059292383500000,1.0060425631260800,171.0601054379240000,23.4376394794560000,23.4363359382717000,171.7871210754170000,3.5435114158928900,0.0430233699722292,4.1934167497182000,97.5471268031259000,8:51:48 AM,2:21:37 AM,3:22:00 PM,780.3770144250070000,188.1934167497180000,-132.9516458125700000,107.2947649039190000,-17.2947649039185000,0.0185313006247812,-17.2762336032937000,#REF!
52.0,-25.0,-8,1/8/09,12:00:00 AM,2454839.8333333300000000,0.0902076203513618,288.0102396486630000,3604.9177703191800000,0.0167048409112528,0.1675810467783240,288.1778206954410000,3605.0853513659600000,0.9833597577867700,288.1757618470520000,23.4381180352175000,23.4397828700700000,-70.3105368092299000,-22.2059656431031000,0.0430363864015430,-6.7179504042964000,60.1993036471065000,5:46:43 AM,1:45:55 AM,9:47:31 AM,481.5944291768520000,373.2820495957040000,-86.6794876010741000,105.3552727151120000,-15.3552727151120000,0.0210119068143390,-15.3342608082977000,#REF!
0.0,-24.0,11,9/12/17,12:00:00 AM,2458008.0416666700000000,0.1769484371435050,170.7464268749550000,6727.5047926534700000,0.0167011916514758,-1.7539021232021100,168.9925247517530000,6725.7508905302700000,1.0066268004398300,168.9839446123280000,23.4369900418018000,23.4349509884910000,169.8730124980800000,4.3584288619579100,0.0430181406746155,3.4374249383876900,90.8354160654836000,12:32:34 AM,6:29:13 PM,6:35:54 AM,726.6833285238690000,687.4374249383880000,-8.1406437654030700,9.2270221631012800,80.7729778368987000,0.0026216580484375,80.7755994949472000,#REF!
14.0,-32.0,-13,3/19/18,12:00:00 AM,2458197.0416666700000000,0.1821229751311840,357.0337785093580000,6913.7832456138900000,0.0167009738940102,1.8481029695376900,358.8818814788960000,6915.6313485834200000,0.9955958362311340,358.8726836492090000,23.4369227511949000,23.4351837290756000,-1.0343457841464200,-0.4483221930204040,0.0430190194331763,-7.7397984160161100,90.7467367724464000,1:15:44 AM,###############################################################################################################################################################################################################################################################,7:18:44 AM,725.9738941795710000,644.2602015839840000,-18.9349496040040000,23.6704675510621000,66.3295324489379000,0.0070729201538047,66.3366053690917000,#REF!
42.0,-102.0,-9,5/23/17,12:00:00 AM,2457896.8750000000000000,0.1739048596851470,61.1752950130758000,6617.9388948326700000,0.0167013197296380,1.2624368603903700,62.4377318734662000,6619.2013316930600000,1.0125234890848100,62.4295574566202000,23.4370296210238000,23.4348425697662000,60.3570193047316000,20.6429609098179000,0.0430177313213834,3.2353585257869500,111.1072884392810000,9:44:46 AM,2:20:20 AM,5:09:12 PM,888.8583075142500000,135.2353585257870000,-146.1911603685530000,109.9948414233360000,-19.9948414233361000,0.0158573867981226,-19.9789840365380000,#REF!
17.0,-46.0,-7,11/19/14,12:00:00 AM,2456980.7916666700000000,0.1488238649326900,238.2401733682270000,5715.0469046598500000,0.0167023750849695,-1.3723953844038800,236.8677779838230000,5713.6745092754500000,0.9883227302795780,236.8635010224120000,23.4373557787977000,23.4349101922814000,-125.4314277379120000,-19.4526769499058000,0.0430179866413791,14.6903934596749000,84.7294870292605000,7:49:19 AM,2:10:23 AM,1:28:14 PM,677.8358962340840000,250.6903934596750000,-117.3274016350810000,120.7519791547610000,-30.7519791547611000,0.0096977356686499,-30.7422814190925000,#REF!
57.0,151.0,2,5/10/16,12:00:00 AM,2457518.4166666700000000,0.1635432352270090,48.1488367706097000,6244.9302554154800000,0.0167017557442532,1.5503582937680700,49.6991950643778000,6246.4806137092500000,1.0097489178700000,49.6925704986862000,23.4371643654425000,23.4346537720482000,47.2451792710076000,17.6548375207183000,0.0430170184887006,3.5849387062054200,121.2054890925090000,3:52:25 AM,###############################################################################################################################################################################################################################################################,11:57:14 AM,969.6439127400700000,487.5849387062050000,-58.1037653234486000,58.0906148038191000,31.9093851961809000,0.0258384592169584,31.9352236553978000,#REF!
8.0,11.0,2,11/11/00,12:00:00 AM,2451859.4166666700000000,0.0086082591832036,230.3704175139640000,667.4182652341110000,0.0167082721252200,-1.5399896220253400,228.8304278919390000,665.8782756120860000,0.9900273682604530,228.8202020133390000,23.4391791678622000,23.4383715109673000,-133.6359624841620000,-17.4200526672563000,0.0430310565182719,16.0242119982780000,88.3548007836085000,12:59:59 PM,7:06:33 AM,6:53:24 PM,706.8384062688680000,1380.0242119982800000,165.0060529995690000,162.6202167624940000,-72.6202167624941000,0.0018059727565510,-72.6184107897375000,235.7313883729760000
76.0,-97.0,-3,11/13/06,12:00:00 AM,2454052.6250000000000000,0.0686550308008214,232.1004229610670000,2829.0450157358000000,0.0167057473512681,-1.5064088362216500,230.5940141248450000,2827.5386068995800000,0.9896485575892860,230.5889685607390000,23.4383983090386000,23.4409349367808000,-131.8491855457540000,-17.8994499975512000,0.0430407373529772,15.8146585937356000,#NUM!,3:12:11 PM,#NUM!,#NUM!,#NUM!,1247.8146585937400000,131.9536646484340000,116.8798851596330000,-26.8798851596332000,0.0113831941190633,-26.8685019655141000,307.4944243688690000
-18.0,-24.0,-8,7/25/14,12:00:00 AM,2456863.8333333300000000,0.1456217202829160,122.9605005834460000,5599.7727385216700000,0.0167025098129841,-0.6349822680555960,122.3255183153910000,5599.1377562536200000,1.0157499829135500,122.3217257472820000,23.4373974200700000,23.4350477515903000,124.5896667365050000,19.6387003591146000,0.0430185060218429,-6.5292629941732400,84.2772004402218000,5:42:32 AM,12:05:25 AM,11:19:38 AM,674.2176035217750000,377.4707370058270000,-85.6323157485433000,92.0424952758366000,-2.0424952758365600,0.1617906289463420,-1.8807046468902200,#REF!
-32.0,95.0,-3,7/22/01,12:00:00 AM,2452112.6250000000000000,0.0155407255304586,119.9445428864710000,916.9804698769450000,0.0167079806839210,-0.5481860947957090,119.3963567916760000,916.4322837821490000,1.0160038705240600,119.3859048512670000,23.4390890168885000,23.4388666938977000,121.5413608392690000,20.2789501263023000,0.0430329264957895,-6.4272380586274000,77.7246831737208000,2:46:26 AM,###############################################################################################################################################################################################################################################################,7:57:20 AM,621.7974653897660000,553.5727619413730000,-41.6068095146568000,65.7239977530171000,24.2760022469829000,0.0355729630838693,24.3115752100668000,#REF!
-8.0,101.0,-4,8/5/15,12:00:00 AM,2457239.6666666700000000,0.1559114761578780,133.3996343856190000,5970.1941772594000000,0.0167020768694039,-0.9454578109128710,132.4541765747060000,5969.2487194484900000,1.0145061292632800,132.4487772210160000,23.4372636102147000,23.4347083470227000,134.9116258965660000,17.0650992329287000,0.0430172245436352,-6.0677864244154400,88.4078194878779000,1:22:04 AM,###############################################################################################################################################################################################################################################################,7:15:42 AM,707.2625559030230000,637.9322135755850000,-20.5169466061039000,32.2445597317678000,57.7554402682322000,0.0101758595715153,57.7656161278037000,#REF!
-36.0,-23.0,-9,1/20/02,12:00:00 AM,2452294.8750000000000000,0.0205304585900068,299.5787743309810000,1096.6061211936300000,0.0167077709077082,0.5583179398612770,300.1370922708430000,1097.1644391335000000,0.9840134364079650,300.1266381308760000,23.4390241295411000,23.4392324982551000,-57.6869421644370000,-20.1234412892699000,0.0430343079244887,-10.9838223694569000,106.5799084624660000,4:42:59 AM,###############################################################################################################################################################################################################################################################,11:49:18 AM,852.6392676997260000,437.0161776305430000,-70.7459555923642000,63.0818463579388000,26.9181536420612000,0.0316386701931158,26.9497923122543000,#REF!
81.0,68.0,5,6/24/18,12:00:00 AM,2458293.2916666700000000,0.1847581565137990,91.9023372183028000,7008.6472725813100000,0.0167008629963971,0.3691631018807970,92.2715003201836000,7009.0164356831900000,1.0163856755180000,92.2620278941044000,23.4368884828325000,23.4353232352929000,92.4651591222899000,23.4159717220079000,0.0430195461714197,-2.2877235591269000,#NUM!,12:30:17 PM,#NUM!,#NUM!,#NUM!,1409.7122764408700000,172.4280691102180000,75.5099652325010000,14.4900347674990000,0.0613434164130371,14.5513781839120000,352.8255217425920000
12.0,-33.0,-9,10/25/17,12:00:00 AM,2458051.8750000000000000,0.1781485284052020,213.9506362915190000,6770.7069382704000000,0.0167011411492464,-1.8031961225547500,212.1474401689640000,6768.9037421478400000,0.9943418821728090,212.1387082036850000,23.4369744356023000,23.4349997442029000,-150.0400671441390000,-12.2143307562319000,0.0430183247607388,15.9687670221115000,88.2347302766451000,4:56:02 AM,###############################################################################################################################################################################################################################################################,10:48:58 AM,705.8778422131610000,423.9687670221120000,-74.0078082444721000,77.3263343018443000,12.6736656981557000,0.0700993624662518,12.7437650606219000,#REF!
-55.0,-99.0,-1,6/23/09,12:00:00 AM,2455005.5416666700000000,0.0947444672598634,91.3402212099927000,3768.2399502073900000,0.0167046500895055,0.3823207594367440,91.7225419694294000,3768.6222709668300000,1.0163663631271900,91.7209148382638000,23.4380590372253000,23.4394077142485000,91.8755888319096000,23.4282040585861000,0.0430349696211224,-2.1439084443316300,53.7559447760003000,5:38:09 PM,2:03:07 PM,9:13:10 PM,430.0475582080020000,1101.8560915556700000,95.4640228889171000,112.0742771023860000,-22.0742771023863000,0.0142281179074717,-22.0600489844788000,279.7216577147560000
39.0,28.0,-1,2/17/00,12:00:00 AM,2451591.5416666700000000,0.0012742413871735,326.3401308879850000,403.4005897782080000,0.0167085804345091,1.3356916762375800,327.6758225642220000,404.7362814544460000,0.9879953190687550,327.6661045383880000,23.4392745406635000,23.4378962119015000,-30.1469137131561000,-12.2829764901419000,0.0430292616702929,-14.1154833696085000,80.9576668293571000,9:22:07 AM,3:58:17 AM,2:45:57 PM,647.6613346348570000,157.8845166303920000,-140.5288708424020000,136.0596717947830000,-46.0596717947828000,0.0055604226358576,-46.0541113721469000,#REF!
78.0,89.0,-7,12/20/00,12:00:00 AM,2451898.7916666700000000,0.0096862879306369,269.1802823264120000,706.2262763239960000,0.0167082268056267,-0.4652695616904570,268.7150127647220000,705.7610067623050000,0.9837894615888500,268.7047350219300000,23.4391651489936000,23.4384464105681000,-91.4117063289644000,-23.4320995288207000,0.0430313393615665,2.3115295124754400,#NUM!,###############################################################################################################################################################################################################################################################,#NUM!,#NUM!,#NUM!,778.3115295124750000,14.5778823781189000,101.7913301877490000,-11.7913301877490000,0.0276403255031239,-11.7636898622459000,193.6456933032470000
-31.0,-133.0,-10,5/11/18,12:00:00 AM,2458249.9166666700000000,0.1835706137348810,49.1498828385547000,6965.8968604287200000,0.0167009129725523,1.5313654884579000,50.6812483270126000,6967.4282259171800000,1.0099735977120900,50.6718960698204000,23.4369039258476000,23.4352587500948000,48.2360677567047000,17.9172074130510000,0.0430193026920884,3.6142822149794700,79.8371302262574000,10:48:23 AM,5:29:02 AM,4:07:44 PM,638.6970418100590000,71.6142822149794000,-162.0964294462550000,159.1553943908270000,-69.1553943908270000,0.0021969591267392,-69.1531974317003000,#REF!
-26.0,-50.0,10,9/18/17,12:00:00 AM,2458014.0833333300000000,0.1771138489619020,176.7013796940120000,6733.4594610135300000,0.0167011846906389,-1.8234645618848300,174.8779151321270000,6731.6359964516400000,1.0050102062461500,174.8693137786430000,23.4369878907572000,23.4349575121347000,175.2905445420290000,2.0382176256719100,0.0430181653058028,5.5833693017510100,89.9328267513807000,1:14:25 AM,7:14:41 PM,7:14:09 AM,719.4626140110450000,645.5833693017510000,-18.6041576745623000,33.3114409034179000,56.6885590965821000,0.0106003667797662,56.6991594633619000,#REF!
53.0,42.0,-8,5/2/16,12:00:00 AM,2457510.8333333300000000,0.1633356148756600,40.6743442690949000,6237.4561199564800000,0.0167017644805886,1.6818661764951100,42.3562104455901000,6239.1379861329700000,1.0079187995553800,42.3496187573665000,23.4371670653749000,23.4346530256980000,39.9066615223907000,15.5401549617339000,0.0430170156707618,3.0435996477508500,113.2097020134360000,1:08:57 AM,###############################################################################################################################################################################################################################################################,8:41:48 AM,905.6776161074870000,651.0435996477510000,-17.2391000880623000,39.8493050631628000,50.1506949368372000,0.0134586655533797,50.1641536023906000,#REF!
-78.0,-79.0,11,2/14/07,12:00:00 AM,2454145.0416666700000000,0.0711852612365917,323.1906666033760000,2920.1309083840000000,0.0167056409431412,1.2537563124079500,324.4444229157840000,2921.3846646964100000,0.9873464961681600,324.4397790578160000,23.4383654054610000,23.4408633425680000,-33.2601413433311000,-13.3762853824543000,0.0430404669598369,-14.2432330568275000,#NUM!,4:30:15 AM,#NUM!,#NUM!,#NUM!,449.7567669431730000,-67.5608082642069000,72.3322165763830000,17.6677834236170000,0.0500737535363388,17.7178571771533000,#REF!
21.0,118.0,11,9/14/11,12:00:00 AM,2455818.0416666700000000,0.1169895049053120,172.1787027715440000,4569.0401783849000000,0.0167037143780971,-1.7739083021434900,170.4047944694000000,4567.2662700827500000,1.0062172718887300,170.4037928895580000,23.4377697586544000,23.4372710455574000,171.1825320488290000,3.8018111662246300,0.0430269009477426,3.9552013017398100,92.3563885325818000,3:04:03 PM,8:54:37 AM,9:13:28 PM,738.8511082606550000,1255.9552013017400000,133.9888003254350000,128.5501622499670000,-38.5501622499672000,0.0072408628924254,-38.5429213870748000,293.3722254299900000
20.0,-88.0,3,12/26/15,12:00:00 AM,2457382.3750000000000000,0.1598186173853520,274.0597267832430000,6110.8475506077700000,0.0167019124686108,-0.3108251689304370,273.7489016143120000,6110.5367254388400000,0.9835189633079870,273.7428722746360000,23.4372128010439000,23.4346592601391000,-85.9217271843657000,-23.3816975436254000,0.0430170392096795,-0.1051989697585850,81.9225985589213000,8:52:06 PM,3:24:25 PM,2:19:48 AM,655.3807884713700000,907.8948010302410000,46.9737002575604000,63.0766061894758000,26.9233938105242000,0.0316315698063929,26.9550253803306000,228.8142328998540000
41.0,-14.0,1,1/15/06,12:00:00 AM,2453750.4583333300000000,0.0603821583390414,294.2706453079150000,2531.2294641055000000,0.0167060952532611,0.3805863195636880,294.6512316274790000,2531.6100504250700000,0.9836255917055060,294.6448555103370000,23.4385058909737000,23.4410393812504000,-63.4325457339350000,-21.1965882792717000,0.0430411318148347,-9.2100462097389100,71.5514113502806000,2:05:13 PM,9:19:00 AM,6:51:25 PM,572.4112908022450000,1314.7899537902600000,148.6974884475650000,146.9751776634320000,-56.9751776634317000,0.0037506367772363,-56.9714270266545000,297.2753068107420000
50.0,-126.0,-2,3/17/00,12:00:00 AM,2451620.5833333300000000,0.0020693588866116,354.9649729738670000,432.0240646265310000,0.0167085470098179,1.8327012731922400,356.7976742470600000,433.8567658997230000,0.9950989735616960,356.7878886029140000,23.4392642008226000,23.4379442644312000,-2.9475729330900500,-1.2770718496699400,0.0430294431268051,-8.3657516705721600,89.7739866201912000,6:32:22 PM,12:33:16 PM,12:31:28 AM,718.1918929615300000,1047.6342483294300000,81.9085620823570000,85.7919131067781000,4.2080868932219200,0.1820158068711290,4.3901027000930500,262.9663307225760000
90.0,51.0,10,1/11/02,12:00:00 AM,2452285.0833333300000000,0.0202623773671044,289.9276439262100000,1086.9554517702500000,0.0167077821784242,0.2367508846675230,290.1643948108780000,1087.1922026549100000,0.9834203757578080,290.1539373451590000,23.4390276157157000,23.4392128860308000,-68.1973624402444000,-21.9267059082509000,0.0430342338600010,-7.5372365095098900,#NUM!,6:43:32 PM,#NUM!,#NUM!,#NUM!,1036.4627634904900000,79.1156908726225000,111.9267059082510000,-21.9267059082509000,0.0143340164903458,-21.9123718917606000,#NUM!
-4.0,21.0,1,1/8/10,12:00:00 AM,2455204.4583333300000000,0.1001905087839420,287.4019089248590000,3964.2922727509600000,0.0167044210197502,0.1463080223206140,287.5482169471800000,3964.4385807732800000,0.9833450349570210,287.5469817049690000,23.4379882158978000,23.4389163874963000,-70.9840777874342000,-22.2880315818751000,0.0430331141579824,-6.4535818995256100,92.5454755217732000,11:42:27 AM,5:32:16 AM,5:52:38 PM,740.3638041741850000,17.5464181004744000,-175.6133954748810000,153.3643011287690000,-63.3643011287694000,0.0028938987547609,-63.3614072300147000,#REF!
-56.0,-128.0,-1,7/11/18,12:00:00 AM,2458310.5416666700000000,0.1852304357745790,108.9047542341160000,7025.6488774142000000,0.0167008431210545,-0.1845410912440210,108.7202131428720000,7025.4643363229600000,1.0166234118151200,108.7106946049960000,23.4368823412301000,23.4353495870180000,110.2611179194950000,22.1291140962388000,0.0430196456688925,-5.4605302290294000,54.9131405960915000,7:37:28 PM,3:57:48 PM,11:17:07 PM,439.3051247687320000,982.5394697709710000,65.6348674427427000,95.6581445955685000,-5.6581445955685200,0.0582383961363836,-5.5999061994321300,302.0090481376390000
-80.0,52.0,-7,8/23/08,12:00:00 AM,2454701.7916666700000000,0.0864282454939497,151.9498351032720000,3468.8638648650400000,0.0167049998694152,-1.4220226261378400,150.5278124771340000,3467.4418422389100000,1.0111461221694500,150.5253286005330000,23.4381671829029000,23.4400659225390000,152.5910910212730000,11.2872475481613000,0.0430374553692674,-2.5795141303844900,#NUM!,1:34:35 AM,#NUM!,#NUM!,#NUM!,625.4204858696160000,-23.6448785325961000,92.1067143056295000,-2.1067143056295000,0.1568545142774670,-1.9498597913520300,#REF!
61.0,-42.0,-4,5/16/10,12:00:00 AM,2455332.6666666700000000,0.1037006616472690,53.7701144426110000,4090.6544420934600000,0.0167042733727764,1.4325386264241900,55.2026530690352000,4092.0869807198800000,1.0110417835978200,55.2015914654316000,23.4379425692228000,23.4385821930511000,52.8568440955190000,19.0644410267716000,0.0430318521194000,3.6451895896136600,130.9333995793950000,10:44:21 AM,2:00:37 AM,7:28:05 PM,1047.4671966351600000,75.6451895896137000,-161.0887026025970000,98.4998299741812000,-8.4998299741812200,0.0386087552359811,-8.4612212189452400,#REF!
20.0,61.0,-6,3/16/16,12:00:00 AM,2457463.7500000000000000,0.1620465434633810,354.2667809340320000,6191.0507734229100000,0.0167018187224267,1.8222176766191400,356.0889986106510000,6192.8729910995300000,0.9948289681006650,356.0826119800460000,23.4371838286915000,23.4346511614801000,-3.5951448181440700,-1.5569344700899800,0.0430170086321734,-8.5564864279622800,90.3199405674191000,2:04:33 AM,###############################################################################################################################################################################################################################################################,8:05:50 AM,722.5595245393530000,595.4435135720380000,-31.1391216069906000,37.3724538710470000,52.6275461289530000,0.0123181641276158,52.6398642930806000,#REF!
-62.0,88.0,3,4/6/01,12:00:00 AM,2452005.3750000000000000,0.0126043805612594,14.2338634837956000,811.2748396746580000,0.0167081041295255,1.9128896862031600,16.1467531699988000,813.1877293608610000,1.0006515611543800,16.1363656842132000,23.4391272016205000,23.4386535892644000,14.8663063773319000,6.3469721607630200,0.0430321217355316,-2.5505635619461600,79.7445560248498000,9:10:33 AM,3:51:34 AM,2:29:32 PM,637.9564481987990000,169.4494364380540000,-137.6376408904870000,116.2554858183350000,-26.2554858183349000,0.0116975789790541,-26.2437882393559000,#REF!
-24.0,72.0,10,4/26/04,12:00:00 AM,2453121.0833333300000000,0.0431508099475288,33.9288374636139000,1910.9172870691300000,0.0167068198334878,1.7747650292404300,35.7036024928544000,1912.6920520983700000,1.0062070296251400,35.6947401444566000,23.4387299705221000,23.4406449130171000,33.3906054794918000,13.4208779270299000,0.0430396420126363,2.1205289758508700,84.8433427137472000,5:09:53 PM,11:30:30 AM,10:49:15 PM,678.7467417099780000,1130.1205289758500000,102.5301322439630000,106.6897108309970000,-16.6897108309966000,0.0192449672531218,-16.6704658637435000,277.5709221309840000
-41.0,-173.0,12,9/2/17,12:00:00 AM,2457998.0000000000000000,0.1766735112936340,160.8488846039830000,6717.6077231729100000,0.0167012032208516,-1.5979355586486300,159.2509490453340000,6716.0097876142600000,1.0091442951859200,159.2424043641640000,23.4369936169863000,23.4349402865225000,160.8247071723390000,8.1030249308842900,0.0430181002674297,0.0509501820848741,84.0127446268215000,11:31:57 AM,5:55:54 AM,5:08:00 PM,672.1019570145720000,28.0509501820848000,-172.9872624544790000,146.5179765890840000,-56.5179765890836000,0.0038164767902345,-56.5141601122934000,#REF!
58.0,-26.0,1,12/12/01,12:00:00 AM,2452255.4583333300000000,0.0194512890714165,260.7278408715770000,1057.7570434291000000,0.0167078162782240,-0.7389819705861240,259.9888589009910000,1057.0180614585100000,0.9845774088730840,259.9783937516720000,23.4390381632478000,23.4391534640066000,-100.9021948595180000,-23.0606798025455000,0.0430340094564129,6.4562023076091400,49.3462933451081000,2:37:33 PM,11:20:10 AM,5:54:56 PM,394.7703467608640000,1282.4562023076100000,140.6140505769020000,135.1557059484190000,-45.1557059484189000,0.0057387240279040,-45.1499672243910000,304.1142778413120000
11.0,-3.0,-12,3/31/02,12:00:00 AM,2452365.0000000000000000,0.0224503764544832,8.6972954875209300,1165.7213409369100000,0.0167076901896657,1.9118509570144900,10.6091464445354000,1167.6331918939200000,0.9990325633850000,10.5987275046360000,23.4389991625971000,23.4393723431061000,9.7416228734726900,4.1956914645929200,0.0430348360428847,-4.1941285756954800,91.6680977557996000,12:16:12 AM,###############################################################################################################################################################################################################################################################,6:22:52 AM,733.3447820463970000,703.8058714243050000,-4.0485321439238600,7.8982673062029200,82.1017326937971000,0.0022389065242992,82.1039716003214000,#REF!
48.0,64.0,1,10/7/07,12:00:00 AM,2454380.4583333300000000,0.0776306182979737,195.2284829331750000,3152.1576412262700000,0.0167053698781394,-1.9140874458454700,193.3143954873300000,3150.2435537804300000,0.9996509618895150,193.3107337780510000,23.4382815888603000,23.4405996900454000,-167.7531938464850000,-5.2548478140262500,0.0430394712192151,11.9044307547815000,85.3926266877662000,8:32:06 AM,2:50:32 AM,2:13:40 PM,683.1410135021300000,207.9044307547810000,-128.0238923113050000,118.5879395576680000,-28.5879395576675000,0.0105882310243333,-28.5773513266432000,#REF!
-28.0,57.0,7,7/23/16,12:00:00 AM,2457592.2083333300000000,0.1655635409536890,120.8813984246360000,6317.6593427692100000,0.0167016707324190,-0.5692477965342310,120.3121506281020000,6317.0900949726700000,1.0159407418943200,120.3052087804410000,23.4371380930238000,23.4346674447920000,122.4979475395080000,20.0815244758880000,0.0430170701118781,-6.4916519492757500,79.8135241586446000,3:18:29 PM,9:59:14 AM,8:37:45 PM,638.5081932691570000,1241.5083480507200000,130.3770870126810000,134.2995214712190000,-44.2995214712187000,0.0059128374764325,-44.2936086337423000,271.4031072913750000
69.0,15.0,7,12/15/02,12:00:00 AM,2452623.2083333300000000,0.0295197353410948,263.1996577214840000,1420.2115469576300000,0.0167073929684772,-0.6611216724342410,262.5385360490500000,1419.5504252851900000,0.9843129596864650,262.5284158368660000,23.4389072314229000,23.4398685099146000,-98.1349794164771000,-23.2291191328610000,0.0430367098249740,5.2768943319277200,#NUM!,5:54:43 PM,#NUM!,#NUM!,#NUM!,1085.2768943319300000,91.3192235829819000,112.0734134708010000,-22.0734134708014000,0.0142287337436455,-22.0591847370577000,262.4605054964180000
36.0,-8.0,1,8/4/06,12:00:00 AM,2453951.4583333300000000,0.0658852384211770,132.3857649116150000,2729.3351206254000000,0.0167058638322449,-0.9210570969866720,131.4647078146280000,2728.4140635284100000,1.0146302373818300,131.4592172310270000,23.4384343279224000,23.4409920991537000,133.9180145425310000,17.3450465365311000,0.0430409532413871,-6.1491201066291100,104.2259079345110000,1:38:09 PM,6:41:15 AM,8:35:03 PM,833.8072634760860000,1341.8508798933700000,155.4627199733430000,121.8202154100760000,-31.8202154100765000,0.0092987300826660,-31.8109166799938000,332.1916922507990000
-75.0,178.0,13,1/22/10,12:00:00 AM,2455217.9583333300000000,0.1005601186402050,300.7081483095740000,3977.5978765428400000,0.0167044054730596,0.5904515919583750,301.2985999015330000,3978.1883281348000000,0.9841044584637560,301.2973859354280000,23.4379834094231000,23.4388817419308000,-56.4706101051436000,-19.8700523973542000,0.0430329833229189,-11.2949897217756000,#NUM!,1:19:18 PM,#NUM!,#NUM!,#NUM!,1360.7050102782200000,160.1762525695560000,84.2999526442870000,5.7000473557130000,0.1445473921845260,5.8445947478975200,198.6945578678380000
70.0,80.0,6,12/28/15,12:00:00 AM,2457384.2500000000000000,0.1598699520876110,275.9078155885260000,6112.6955511334800000,0.0167019103085746,-0.2484740659287540,275.6593415225980000,6112.4470770675500000,0.9834392577263500,275.6533039210360000,23.4372121334782000,23.4346589113432000,-83.8422017403197000,-23.3139198678607000,0.0430170378927564,-1.0282463738233200,#NUM!,12:41:02 PM,#NUM!,#NUM!,#NUM!,1398.9717536261800000,169.7429384065440000,132.9199212578750000,-42.9199212578746000,0.0062049316835490,-42.9137163261911000,347.0969145658610000
-4.0,-128.0,11,11/16/10,12:00:00 AM,2455516.0416666700000000,0.1087211955281730,234.5131994360880000,4271.3888935908400000,0.0167040621894718,-1.4560023154669900,233.0571971206210000,4269.9328912753700000,0.9891165173312690,233.0562706454910000,23.4378772812742000,23.4380896452789000,-129.3395500582960000,-18.5358848272058000,0.0430299921181466,15.4384942558047000,92.2246003567516000,7:16:34 AM,1:07:40 AM,1:25:28 PM,737.7968028540130000,283.4384942558050000,-109.1403764360490000,106.7347815143570000,-16.7347815143573000,0.0191900795154600,-16.7155914348419000,#REF!
-90.0,-48.0,-11,3/28/02,12:00:00 AM,2452361.9583333300000000,0.0223671001597122,5.6992847660426400,1162.7234734140500000,0.0167076936908242,1.9038306344243700,7.6031154004670100,1164.6273040484800000,0.9981603426055350,7.5926945204441000,23.4390002455364000,23.4393663048813000,6.9725972240573000,3.0127658969626000,0.0430348132397016,-5.1087294964807600,#NUM!,4:17:07 AM,#NUM!,#NUM!,#NUM!,462.8912705035190000,-64.2771823741202000,93.0127658969626000,-3.0127658969625900,0.1096307877053080,-2.9031351092572800,#REF!
-69.0,39.0,8,11/12/16,12:00:00 AM,2457704.1666666700000000,0.1686287930641070,231.2328344333140000,6428.0055074862300000,0.0167015417486266,-1.5274744460676600,229.7053599872460000,6426.4780330401600000,0.9898931210103550,229.6979483448670000,23.4370982319359000,23.4347100481743000,-132.7493987672810000,-17.6563307124671000,0.0430172309665635,15.9374572607117000,150.6656479822140000,5:08:04 PM,7:05:24 AM,3:10:44 AM,1205.3251838577200000,1131.9374572607100000,102.9843643151780000,78.0865155175615000,11.9134844824385000,0.0744819189113644,11.9879664013499000,251.6169224355120000
-20.0,75.0,13,11/3/03,12:00:00 AM,2452945.9583333300000000,0.0383561487565637,221.3173433963560000,1738.3140377921300000,0.0167070214361744,-1.7020463772590200,219.6152970190970000,1736.6119914148800000,0.9922957039030800,219.6058999391950000,23.4387923211473000,23.4404084459835000,-142.7956894085220000,-14.6903877615494000,0.0430387489525664,16.4625291649048000,96.3968606350203000,7:43:32 PM,1:17:57 PM,2:09:07 AM,771.1748850801630000,976.4625291649050000,64.1156322912262000,61.0822648938247000,28.9177351061753000,0.0290993009890240,28.9468344071643000,263.8435594049280000
6.0,-94.0,1,7/16/11,12:00:00 AM,2455758.4583333300000000,0.1153582021446540,113.4505474471400000,4510.3148283240200000,0.0167037830011943,-0.3358317102749360,113.1147157368650000,4509.9789966137500000,1.0164435933620500,113.1137583029130000,23.4377909724162000,23.4374312184718000,114.9479170266130000,21.4580003043274000,0.0430275057781826,-5.9886869083773200,93.2687525488044000,7:21:59 PM,1:08:55 PM,1:35:04 AM,746.1500203904350000,998.0113130916230000,69.5028282729057000,68.7558230784069000,21.2441769215931000,0.0411853269672508,21.2853622485604000,290.7194506699140000
-41.0,72.0,13,4/17/09,12:00:00 AM,2454937.9583333300000000,0.0928941364362351,24.7268870139278000,3701.6297978878200000,0.0167047279158517,1.8667293164265800,26.5936163303544000,3703.4965272042500000,1.0036347973609600,26.5918240853654000,23.4380830992680000,23.4395649701395000,24.6681880846751000,10.2567540989420000,0.0430355634967912,0.2365577144976380,82.0839215303942000,8:11:46 PM,2:43:26 PM,1:40:06 AM,656.6713722431540000,948.2365577144980000,57.0591394286244000,73.3206659162332000,16.6793340837668000,0.0531512910159653,16.7324853747828000,300.4476266762750000
-84.0,67.0,-5,6/10/10,12:00:00 AM,2455357.7083333300000000,0.1043862651152220,78.4523671302868000,4115.3355157933600000,0.0167042445339878,0.7838826910021590,79.2362498212890000,4116.1193984843700000,1.0152288059848400,79.2352146164490000,23.4379336535089000,23.4385157418025000,78.2927675386328000,23.0021063281363000,0.0430316011779413,0.6341803649995260,#NUM!,2:31:22 AM,#NUM!,#NUM!,#NUM!,568.6341803650000000,-37.8414549087501000,108.2184194427000000,-18.2184194426997000,0.0175305586129802,-18.2008888840867000,#REF!
-88.0,63.0,-9,6/24/03,12:00:00 AM,2452814.8750000000000000,0.0347672826830938,92.1154018551006000,1609.1182675695500000,0.0167071723345875,0.3541557375978680,92.4695575926984000,1609.4724233071500000,1.0164175029467800,92.4598229962347000,23.4388389913956000,23.4402033305820000,92.6807674416544000,23.4173151124017000,0.0430379743056689,-2.2990592228780500,#NUM!,###############################################################################################################################################################################################################################################################,#NUM!,#NUM!,#NUM!,789.7009407771220000,17.4252351942805000,111.5077954063260000,-21.5077954063265000,0.0146421559605438,-21.4931532503659000,342.8207192392790000
-56.0,50.0,-1,2/6/16,12:00:00 AM,2457424.5416666700000000,0.1609730778005890,315.6211905823040000,6152.4070290967600000,0.0167018638916361,1.0440418974143400,316.6652324797180000,6153.4510709941700000,0.9859820947199160,316.6590176325480000,23.4371977882325000,23.4346532669451000,-40.8880312855079000,-15.8404146703272000,0.0430170165816204,-14.0147793271996000,116.5947240078970000,7:54:01 AM,12:07:38 AM,3:40:24 PM,932.7577920631790000,245.9852206728000000,-118.5036948318000000,91.7437023344562000,-1.7437023344562400,0.1895361209352510,-1.5541662135209900,#REF!
-63.0,92.0,7,6/15/15,12:00:00 AM,2457188.2083333300000000,0.1545026237736750,82.6798638448736000,5919.4768294965000000,0.0167021361487410,0.6581075005912600,83.3379713454648000,5920.1349369970900000,1.0156765926875800,83.3327984875085000,23.4372819311863000,23.4347369574262000,82.7395400346260000,23.2668886147238000,0.0430173325661590,-0.2593905201052420,35.9985656375947000,12:52:16 PM,10:28:16 AM,3:16:15 PM,287.9885251007580000,1387.7406094798900000,166.9351523699740000,139.3087898320610000,-49.3087898320611000,0.0049614430873365,-49.3038283889738000,198.5734918027540000
-4.0,-95.0,8,11/26/08,12:00:00 AM,2454796.1666666700000000,0.0890120921743056,244.9703048562200000,3561.8798913831500000,0.0167048911948178,-1.2013158443895200,243.7689890118300000,3560.6785755387600000,0.9869674245263700,243.7668017871720000,23.4381335820858000,23.4398755239504000,-118.2404141334290000,-20.9047507568944000,0.0430367363139117,12.8368029995049000,92.4248842719369000,2:07:10 AM,7:57:28 PM,8:16:52 AM,739.3990741754950000,592.8368029995050000,-31.7907992501238000,35.2160461615911000,54.7839538384089000,0.0113846704421750,54.7953385088510000,#REF!
-31.0,139.0,-7,10/9/04,12:00:00 AM,2453287.7916666700000000,0.0477150353639018,198.2444662564400000,2075.2250673042900000,0.0167066279145974,-1.9097644391418300,196.3347018172980000,2073.3153028651500000,0.9987569518348890,196.3264257746280000,23.4386706165203000,23.4408236127645000,-164.9573692869050000,-6.4205744536191600,0.0430403169108662,12.7755633941023000,94.8578232027603000,###############################################################################################################################################################################################################################################################,###############################################################################################################################################################################################################################################################,1:50:39 AM,758.8625856220830000,988.7755633941020000,67.1938908485256000,67.1847743660345000,22.8152256339655000,0.0381049803749018,22.8533306143404000,276.3864104680500000
-68.0,83.0,7,6/6/00,12:00:00 AM,2451701.2083333300000000,0.0042767510837369,74.4327913913592000,511.4880873384440000,0.0167084542158973,0.8974255163981280,75.3302169077573000,512.3855128548420000,1.0147452853686100,75.3202591513524000,23.4392354955243000,23.4380825181447000,74.0645887583412000,22.6297082030150000,0.0430299652043690,1.4288273131734600,8.2148450995060000,1:26:34 PM,12:53:43 PM,1:59:26 PM,65.7187607960480000,1353.4288273131700000,158.3572068282930000,132.6989414628040000,-42.6989414628044000,0.0062531209042075,-42.6926883419002000,207.5942821419450000
-22.0,-173.0,10,9/30/07,12:00:00 AM,2454373.0833333300000000,0.0774287018024227,187.9593336424710000,3144.8888391533700000,0.0167053783700700,-1.9027920063300800,186.0565416361410000,3142.9860471470400000,1.0017654606896900,186.0528503776320000,23.4382842146193000,23.4406096661040000,-174.4434084720680000,-2.4040425956203000,0.0430395088957251,9.5746507510110600,91.8713785437965000,9:22:26 AM,3:14:56 AM,3:29:55 PM,734.9710283503720000,157.5746507510110000,-140.6063373122470000,134.4420282381510000,-44.4420282381508000,0.0058834904563441,-44.4361447476945000,#REF!
43.0,-29.0,-2,8/28/05,12:00:00 AM,2453610.5833333300000000,0.0565525895505404,156.4032206691610000,2393.3686247680700000,0.0167062562935817,-1.5171897684385400,154.8860309007230000,2391.8514349996300000,1.0101461207971000,154.8790506755550000,23.4385556913781000,23.4410206700863000,156.7234218280860000,9.7227233218607400,0.0430410611470856,-1.3161907822778900,100.3666369142080000,11:57:19 AM,5:15:51 AM,6:38:47 PM,802.9330953136620000,2.6838092177221000,-179.3290476955690000,127.2737178841420000,-37.2737178841415000,0.0075814195091901,-37.2661364646324000,#REF!
19.0,-3.0,-9,12/24/11,12:00:00 AM,2455919.8750000000000000,0.1197775496235460,272.5504591485720000,4669.4071403059000000,0.0167035970934245,-0.3592261314341520,272.1912330171380000,4669.0479141744700000,0.9835917282307200,272.1901231771990000,23.4377335024070000,23.4370010239593000,-87.6131578454227000,-23.4188585518169000,0.0430258813270783,0.6426825301954410,82.3927182096889000,3:11:21 AM,###############################################################################################################################################################################################################################################################,8:40:56 AM,659.1417456775110000,528.6426825301950000,-47.8393293674511000,63.0658076122886000,26.9341923877114000,0.0316169457403358,26.9658093334517000,#REF!
-72.0,-50.0,-7,8/13/05,12:00:00 AM,2453595.7916666700000000,0.0561476157882686,141.8238534525870000,2378.7899539409300000,0.0167062733232464,-1.1800051685173800,140.6438482840700000,2377.6099487724200000,1.0131301251533100,140.6368052608940000,23.4385609577299000,23.4410162599433000,143.0337128707040000,14.6137341560405000,0.0430410444910024,-4.8667051814222100,41.0754275605413000,8:24:52 AM,5:40:34 AM,11:09:10 AM,328.6034204843300000,215.1332948185780000,-126.2166762953560000,114.6217478366180000,-24.6217478366183000,0.0125901449889275,-24.6091576916294000,#REF!
40.0,-141.0,6,10/24/09,12:00:00 AM,2455128.2500000000000000,0.0981040383299110,212.2873662267430000,3889.1813180112800000,0.0167045087811289,-1.8201107816439500,210.4672554450990000,3887.3612072296400000,0.9947635424571110,210.4658871932670000,23.4380153487442000,23.4391091201893000,-151.6441103336320000,-11.6353113519023000,0.0430338419951502,15.7569180513161000,81.1756889213620000,3:08:15 AM,9:43:32 PM,8:32:57 AM,649.4055113708960000,531.7569180513160000,-47.0607704871710000,67.5743179846698000,22.4256820153302000,0.0388314769060567,22.4645134922362000,#REF!
-46.0,-135.0,-13,1/13/16,12:00:00 AM,2457401.0416666700000000,0.1603296828656130,292.4584775557650000,6129.2454225080000000,0.0167018909642209,0.3139531319585410,292.7724306877240000,6129.5593756399600000,0.9835234635412800,292.7663191458520000,23.4372061550562000,23.4346561293577000,-65.4207086606831000,-21.5133627791965000,0.0430170273890191,-8.5033965856279400,115.5107770463970000,8:08:30 AM,12:26:28 AM,3:50:33 PM,924.0862163711760000,231.4966034143720000,-122.1258491464070000,94.5813903011200000,-4.5813903011199500,0.0720069131358009,-4.5093833879841500,#REF!
-6.0,65.0,3,6/24/12,12:00:00 AM,2456102.3750000000000000,0.1247741273100620,92.4311027490385000,4849.2791915328800000,0.0167033868974708,0.3488989974007690,92.7800017464392000,4849.6280905302800000,1.0164222913910400,92.7785973162920000,23.4376685259907000,23.4365346590457000,93.0279941733883000,23.4073368318422000,0.0430241203309587,-2.3887334408456100,88.3055407674157000,10:42:23 AM,4:49:10 AM,4:35:37 PM,706.4443261393260000,77.6112665591544000,-160.5971833602110000,154.4710679895950000,-64.4710679895953000,0.0027557261614302,-64.4683122634339000,#REF!
10.0,-64.0,2,6/17/01,12:00:00 AM,2452077.4166666700000000,0.0145767738991516,85.2415420717323000,882.2791266288590000,0.0167080212092341,0.5713840949287530,85.8129261666610000,882.8505107237870000,1.0159415293623400,85.8024902527914000,23.4391015522806000,23.4387963735628000,85.4265210132896000,23.3721833434670000,0.0430326609398421,-0.7827154039465360,95.2950062097115000,6:16:47 PM,11:55:36 AM,12:37:58 AM,762.3600496776920000,1063.2172845960500000,85.8043211490134000,82.2398718159901000,7.7601281840098900,0.1112545033854320,7.8713826873953200,292.4896403612250000
0.0,-79.0,-10,10/30/02,12:00:00 AM,2452577.9166666700000000,0.0282797170887477,218.5580460120070000,1375.5720675418800000,0.0167074451042054,-1.7424310229380200,216.8156149890690000,1373.8296365189400000,0.9930188852644850,216.8054235467710000,23.4389233568371000,23.4397845040271000,-145.5305116996580000,-13.7869809770846000,0.0430363925722569,16.3602871406066000,90.8577138271657000,6:59:38 AM,12:56:13 AM,1:03:04 PM,726.8617106173260000,300.3602871406070000,-104.9099282148480000,104.4708270456160000,-14.4708270456162000,0.0223578904636273,-14.4484691551525000,#REF!
52.0,-9.0,1,12/30/07,12:00:00 AM,2454464.4583333300000000,0.0799304129591646,278.0228612968410000,3234.9480648354700000,0.0167052731557605,-0.1721450228524360,277.8507162739880000,3234.7759198126100000,0.9833628422546490,277.8473841446810000,23.4382516819094000,23.4404785529581000,-81.4567442150681000,-23.2080419508130000,0.0430390137230559,-2.0950900567533100,58.4593386295559000,1:38:06 PM,9:44:15 AM,5:31:56 PM,467.6747090364470000,1341.9049099432500000,155.4762274858120000,145.6218789868560000,-55.6218789868564000,0.0039475659695518,-55.6179314208868000,317.4986286717910000
-58.0,97.0,-7,12/5/10,12:00:00 AM,2455535.7916666700000000,0.1092619210586310,253.9797348350700000,4290.8544991367900000,0.0167040394440586,-0.9494984625723490,253.0302363724980000,4289.9050006742100000,0.9854795908797620,253.0293163412840000,23.4378702495797000,23.4380360134183000,-108.3979037251140000,-22.3607181050329000,0.0430297895915295,9.4916560205569300,133.4713836807600000,###############################################################################################################################################################################################################################################################,###############################################################################################################################################################################################################################################################,7:16:24 AM,1067.7710694460800000,817.4916560205570000,24.3729140051393000,39.7335318243501000,50.2664681756499000,0.0134035696383077,50.2798717452882000,323.3412448622190000
88.0,22.0,-9,5/24/05,12:00:00 AM,2453514.8750000000000000,0.0539322381930185,62.0685544855073000,2299.0384645156700000,0.0167063664819725,1.2354046679031100,63.3039591534104000,2300.2738691835700000,1.0127345438912100,63.2965773808264000,23.4385897668992000,23.4409840655992000,61.2653146452606000,20.8165069029390000,0.0430409229005661,3.1785015838660100,#NUM!,1:28:49 AM,#NUM!,#NUM!,#NUM!,631.1785015838660000,-22.2053746040335000,67.3337969631583000,22.6662030368417000,0.0383801801772558,22.7045832170189000,#REF!
-87.0,131.0,4,10/25/01,12:00:00 AM,2452207.3333333300000000,0.0181336983801092,213.2935616486570000,1010.3250298787000000,0.0167078716720583,-1.8081945395452700,211.4853671091110000,1008.5168353391600000,0.9944451984345010,211.4748971099060000,23.4390552974242000,23.4390567736141000,-150.6778640747740000,-11.9868633592640000,0.0430336443124973,15.8837826928054000,#NUM!,7:00:07 AM,#NUM!,#NUM!,#NUM!,299.8837826928050000,-105.0290543267990000,78.8062391422677000,11.1937608577323000,0.0791236151105025,11.2728844728428000,#REF!
51.0,-119.0,-4,3/26/13,12:00:00 AM,2456377.6666666700000000,0.1323112023728000,3.7716078616094800,5120.6067354580700000,0.0167030698159434,1.8944803015907000,5.6660881632001800,5122.5012157596700000,0.9975475344386570,5.6640128978096600,23.4375705124810000,23.4358954616987000,5.1994387814076300,2.2496176326844600,0.0430217067821297,-5.6957644008695300,94.1076169320426000,4:01:42 PM,9:45:16 AM,10:18:08 PM,752.8609354563410000,1198.3042355991300000,119.5760588997830000,106.2526965786140000,-16.2526965786135000,0.0197925057373130,-16.2329040728762000,295.1489577075060000
-78.0,-157.0,-7,9/13/03,12:00:00 AM,2452895.7916666700000000,0.0369826602783439,171.8707007964350000,1688.8697570078700000,0.0167070791866201,-1.7721321854811600,170.0985686109540000,1687.0976248223900000,1.0062643833982100,170.0890356539040000,23.4388101822344000,23.4403325512246000,170.8926336570910000,3.9259601389661100,0.0430384623245535,3.8515588859225500,75.3577831740508000,3:24:09 PM,10:22:43 AM,8:25:35 PM,602.8622653924060000,1235.8515588859200000,128.9628897214810000,101.3851192062540000,-11.3851192062543000,0.0286544185029152,-11.3564647877514000,232.3071260681310000
27.0,-40.0,12,8/26/15,12:00:00 AM,2457260.0000000000000000,0.1564681724846000,153.4411307618380000,5990.2347162945700000,0.0167020534455272,-1.4516166620861000,151.9895140997520000,5988.7830996324800000,1.0108466007454400,151.9840250384570000,23.4372563708349000,23.4346986337766000,153.9793410643070000,10.7665865053282000,0.0430171878699686,-2.1799412578082000,96.5170054338357000,2:42:11 AM,8:16:07 PM,9:08:15 AM,772.1360434706860000,557.8200587421920000,-40.5449853144520000,41.4128741029255000,48.5871258970745000,0.0142214612293236,48.6013473583038000,#REF!
24.0,137.0,11,6/15/14,12:00:00 AM,2456823.0416666700000000,0.1445049053159890,82.7543019181976000,5559.5684604124800000,0.0167025568015879,0.6553039109686980,83.4096058291663000,5560.2237643234500000,1.0156860469160600,83.4059772753705000,23.4374119433356000,23.4351022464296000,82.8190788046961000,23.2709090976419000,0.0430187117780671,-0.2730572362529550,102.0520995099240000,1:52:16 PM,7:04:04 AM,8:40:29 PM,816.4167960793930000,1327.7269427637500000,151.9317356909370000,125.4385422922290000,-35.4385422922286000,0.0081076229162261,-35.4304346693123000,327.9585739755310000
-33.0,139.0,-1,2/27/00,12:00:00 AM,2451601.5416666700000000,0.0015480264658867,336.1966044898620000,413.2565925953380000,0.0167085689253078,1.5534761370641400,337.7500806269260000,414.8100687324020000,0.9901873672803590,337.7403389878180000,23.4392709803166000,23.4379126479937000,-20.5829821829084000,-8.6658420358430100,0.0430293237364059,-12.9294846232794000,96.6908421941831000,1:56:56 AM,###############################################################################################################################################################################################################################################################,8:23:42 AM,773.5267375534650000,603.0705153767210000,-29.2323711558199000,36.3347267846497000,53.6652732153503000,0.0118625275677745,53.6771357429180000,#REF!
35.0,-43.0,11,12/8/07,12:00:00 AM,2454442.0416666700000000,0.0793166780743740,255.9279329432190000,3212.8541918681800000,0.0167052989677169,-0.8898887777201760,255.0380441654990000,3211.9643030904600000,0.9851952327631940,255.0346253917120000,23.4382596630302000,23.4405122166835000,-106.2432318346350000,-22.6005549808769000,0.0430391408599506,8.6529673222354400,74.2016684633131000,1:43:21 AM,8:46:32 PM,6:40:09 AM,593.6133477065050000,616.6529673222350000,-25.8367581694411000,62.5984542747758000,27.4015457252242000,0.0309940704944019,27.4325397957186000,#REF!
43.0,-167.0,-11,12/7/05,12:00:00 AM,2453711.9583333300000000,0.0593280857859956,256.3232219033320000,2493.2838532784900000,0.0167061395792964,-0.8769579169636380,255.4462639863680000,2492.4068953615300000,0.9851360261441750,255.4397200165920000,23.4385195983238000,23.4410384125901000,-105.8070838165620000,-22.6455468320666000,0.0430411281564268,8.4757469499761800,68.4384985960218000,11:59:31 AM,7:25:46 AM,4:33:17 PM,547.5079887681750000,0.4757469499761560,-179.8810632625060000,159.6453072811150000,-69.6453072811148000,0.0021406515455124,-69.6431666295692000,#REF!
31.0,-173.0,2,12/2/04,12:00:00 AM,2453341.4166666700000000,0.0491832078485013,251.0998059883830000,2128.0778823899200000,0.0167065661790059,-1.0304799630880500,250.0693260252950000,2127.0474024268400000,0.9859007350876430,250.0612523147020000,23.4386515241425000,23.4408704905056000,-111.5734078914410000,-21.9598798980476000,0.0430404939557385,10.6478002033427000,77.0566986737811000,1:21:21 AM,8:13:08 PM,6:29:35 AM,616.4535893902490000,638.6478002033430000,-20.3380499491643000,56.4397233355234000,33.5602766644766000,0.0242611421710670,33.5845378066476000,#REF!
79.0,94.0,7,3/10/01,12:00:00 AM,2451978.2083333300000000,0.0118605977640928,347.4571101939690000,784.4993653574160000,0.0167081353982284,1.7435002626381900,349.2006104566070000,786.2428656200540000,0.9930376692748810,349.1902466525760000,23.4391368738988000,23.4386002507761000,-9.9363547820239500,-4.2782651144841300,0.0430319203113609,-10.4540866864600000,72.0339308392411000,12:54:27 PM,8:06:19 AM,5:42:35 PM,576.2714467139290000,1385.5459133135400000,166.3864783283850000,104.9609929307800000,-14.9609929307798000,0.0215927239044234,-14.9394002068753000,345.9392097474550000
36.0,132.0,10,3/3/01,12:00:00 AM,2451971.0833333300000000,0.0116655258955096,340.4343727514070000,777.4769633508320000,0.0167081435990460,1.6324614253384600,342.0668341767450000,779.1094247761700000,0.9912192143243990,342.0564770720620000,23.4391394106466000,23.4385863160755000,-16.5472135294570000,-7.0389158179173000,0.0430318676893029,-12.1150814651243000,85.8939572923351000,1:24:07 PM,7:40:32 AM,7:07:41 PM,687.1516583386810000,1355.8849185348800000,158.9712296337190000,145.2326843053130000,-55.2326843053135000,0.0040053749592683,-55.2286789303542000,321.3526806006200000
-14.0,113.0,-13,1/9/16,12:00:00 AM,2457397.0416666700000000,0.1602201688341280,288.5158881044640000,6125.3030213864900000,0.0167018955723101,0.1806381306891120,288.6965262351530000,6125.4836595171800000,0.9833730360866350,288.6904322983080000,23.4372075791964000,23.4346567363088000,-69.7606451093234000,-22.1312532832293000,0.0430170296806394,-6.9122808647595600,96.7521648179624000,###############################################################################################################################################################################################################################################################,###############################################################################################################################################################################################################################################################,###############################################################################################################################################################################################################################################################,774.0173185436990000,1225.0877191352400000,126.2719297838100000,116.1429232442950000,-26.1429232442954000,0.0117557357981407,-26.1311675084972000,236.2971663883790000
48.0,94.0,4,12/3/18,12:00:00 AM,2458455.3333333300000000,0.1891946155601230,251.6182787082440000,7168.3555846444500000,0.0167006762907696,-1.0221401684818600,250.5961385397630000,7167.3334444759700000,0.9858618115350330,250.5862723907610000,23.4368307903421000,23.4355853078750000,-111.0123363336980000,-22.0307897079753000,0.0430205356969827,10.4688440896959000,64.7877486746492000,9:33:32 AM,5:14:23 AM,1:52:41 PM,518.3019893971930000,146.4688440896960000,-143.3827889775760000,140.9513675952020000,-50.9513675952022000,0.0046805685712348,-50.9466870266310000,#REF!
68.0,88.0,-4,9/21/18,12:00:00 AM,2458382.6666666700000000,0.1872051106547980,179.9945703089490000,7096.7352976205700000,0.0167007600184664,-1.8534994005799800,178.1410709083690000,7094.8817982199900000,1.0040956874943000,178.1313702400010000,23.4368566622118000,23.4354638909029000,178.2854199263860000,0.7430727982539780,0.0430200772529972,6.7722822474665900,94.0664607186237000,2:01:14 AM,###############################################################################################################################################################################################################################################################,8:17:30 AM,752.5316857489900000,598.7722822474670000,-30.3069294381334000,70.4026510886255000,19.5973489113745000,0.0449032255378084,19.6422521369123000,#REF!
-22.0,-27.0,0,12/30/07,12:00:00 AM,2454464.5000000000000000,0.0799315537303217,278.0639299367500000,3234.9891315136900000,0.0167052731077828,-0.1707494888704650,277.8931804478790000,3234.8183820248200000,0.9833617563694950,277.8898484786900000,23.4382516670746000,23.4404784894927000,-81.4106227470130000,-23.2055257341802000,0.0430390134833680,-2.1152469744524600,100.9686589829220000,1:50:07 PM,7:06:14 AM,8:33:59 PM,807.7492718633770000,1329.8847530255500000,152.4711882563870000,127.4509175872950000,-37.4509175872946000,0.0075329631309066,-37.4433846241636000,212.3506555691120000
45.0,137.0,0,8/3/10,12:00:00 AM,2455411.5000000000000000,0.1058590006844630,131.4719814728520000,4168.3525975667400000,0.0167041825853718,-0.8925807184007500,130.5794007544510000,4167.4600168483400000,1.0147629771739100,130.5784138099970000,23.4379145017839000,23.4383719846957000,133.0293311776410000,17.5842049507200000,0.0430310583072088,-6.2313052176700300,109.7844783936290000,2:58:14 AM,###############################################################################################################################################################################################################################################################,10:17:22 AM,878.2758271490300000,541.7686947823300000,-44.5578263044175000,46.0585325983756000,43.9414674016244000,0.0167248161644812,43.9581922177889000,#REF!
-51.0,95.0,-3,8/14/10,12:00:00 AM,2455422.6250000000000000,0.1061635865845310,142.4373083742600000,4179.3174006910000000,0.0167041697733122,-1.1934629034616500,141.2438454707990000,4178.1239377875400000,1.0130340550285400,141.2428670604740000,23.4379105408927000,23.4383421020717000,143.6264854003920000,14.4187690295390000,0.0430309454617612,-4.7603902125183600,72.9236139770333000,2:44:46 AM,###############################################################################################################################################################################################################################################################,7:36:27 AM,583.3889118162660000,555.2396097874820000,-41.1900975531296000,74.6241503914816000,15.3758496085184000,0.0577686225882333,15.4336182311066000,#REF!
-32.0,-147.0,-2,10/20/00,12:00:00 AM,2451837.5833333300000000,0.0080104950946883,208.8504501476720000,645.8993257516180000,0.0167082972546876,-1.8516609886692200,206.9987891590020000,644.0476647629490000,0.9956837669711760,206.9885946322660000,23.4391869412876000,23.4383304327795000,-154.9554870319970000,-10.3994389137813000,0.0430309013951759,15.2133151375306000,97.5914202367138000,7:32:47 PM,1:02:25 PM,2:03:09 AM,780.7313618937100000,987.2133151375310000,66.8033287843826000,64.8996640681750000,25.1003359318250000,0.0342642115635211,25.1346001433885000,273.3058035107480000
57.0,125.0,2,1/24/06,12:00:00 AM,2453759.4166666700000000,0.0606274241387135,303.1004029180790000,2540.0587999577600000,0.0167060849392622,0.6697077317747040,303.7701106498540000,2540.7285076895300000,0.9843419095368200,303.7637737217200000,23.4385027014929000,23.4410391472686000,-53.9205600028421000,-19.3118602107276000,0.0430411309311390,-11.9514092878005000,59.2477821702006000,5:51:57 AM,1:54:58 AM,9:48:57 AM,473.9822573616050000,368.0485907122000000,-87.9878523219501000,105.0290948850060000,-15.0290948850064000,0.0214902760347495,-15.0076046089717000,#REF!
56.0,-179.0,0,9/16/16,12:00:00 AM,2457647.5000000000000000,0.1670773442847360,175.3794838662420000,6372.1548249353600000,0.0167016070328682,-1.8098944208923300,173.5695894453500000,6370.3449305144700000,1.0053699409790300,173.5624135947620000,23.4371184072537000,23.4346852300844000,174.0894980634770000,2.5557140046667700,0.0430171372625541,5.1057219535710100,95.2901073395067000,11:50:54 PM,5:29:44 PM,6:12:03 AM,762.3208587160540000,729.1057219535710000,2.2764304883927500,53.4757253956230000,36.5242746043770000,0.0217433848352003,36.5460179892122000,182.8303625592850000
73.0,136.0,-9,12/22/02,12:00:00 AM,2452630.8750000000000000,0.0297296372347707,270.7562874863620000,1427.7678157821200000,0.0167073841432556,-0.4140747549552840,270.3422127314060000,1427.3537410271600000,0.9836857683786920,270.3321053483010000,23.4389045018220000,23.4398825679623000,-89.6380243829812000,-23.4394652647288000,0.0430367629160650,1.5237213161012000,#NUM!,###############################################################################################################################################################################################################################################################,#NUM!,#NUM!,#NUM!,1085.5237213161000000,91.3809303290253000,112.7594724643860000,-22.7594724643861000,0.0137535118745132,-22.7457189525116000,264.0771280822920000
24.0,87.0,10,3/25/13,12:00:00 AM,2456376.0833333300000000,0.1322678530686790,2.2109995381779300,5119.0462016807500000,0.0167030716396713,1.8863054412103000,4.0973049793882300,5120.9325071219600000,0.9970972983079720,4.0952342869309000,23.4375710762033000,23.4358988601380000,3.7584120312915200,1.6276006153800500,0.0430217196141215,-6.1740197641973200,91.6372401841224000,4:18:10 PM,10:11:38 AM,10:24:43 PM,733.0979214729790000,1181.8259802358000000,115.4564950589510000,112.3928021427730000,-22.3928021427732000,0.0140040625127995,-22.3787980802604000,282.5370800131560000
-40.0,163.0,-11,7/21/14,12:00:00 AM,2456859.9583333300000000,0.1455156285649140,119.1411170534450000,5595.9535374347400000,0.0167025142766751,-0.5157053659460830,118.6254116874990000,5595.4378320687900000,1.0160808282573500,118.6216348195100000,23.4373987997061000,23.4350527856395000,120.7428816146270000,20.4328926981225000,0.0430185250288856,-6.4191014229307600,73.0010336227198000,###############################################################################################################################################################################################################################################################,###############################################################################################################################################################################################################################################################,###############################################################################################################################################################################################################################################################,584.0082689817590000,1305.5808985770700000,146.3952246442670000,145.3136764310070000,-55.3136764310070000,0.0039933001022389,-55.3096831309048000,245.6935927059640000
-15.0,-87.0,-6,8/4/15,12:00:00 AM,2457238.7500000000000000,0.1558863791923340,132.4961243032490000,5969.2907103358500000,0.0167020779253965,-0.9195749315167950,131.5765493717320000,5968.3711354043300000,1.0146330643736900,131.5711540600570000,23.4372639365802000,23.4347088061802000,134.0293512151530000,17.3096109242828000,0.0430172262772465,-6.1526715046570700,86.1157358154784000,11:54:09 AM,6:09:41 AM,5:38:37 PM,688.9258865238270000,5.8473284953429400,-178.5381678761640000,177.2971342206390000,-87.2971342206389000,0.0002723955348550,-87.2968618251040000,#REF!
9.0,-159.0,0,9/13/03,12:00:00 AM,2452895.5000000000000000,0.0369746748802190,171.5832203163610000,1688.5822902592800000,0.0167070795223771,-1.7685033487641200,169.8147169675970000,1686.8137869105100000,1.0063415288376000,169.8051832444400000,23.4388102860779000,23.4403321002102000,170.6309443406950000,4.0374101386894200,0.0430384606212325,3.7486195236915400,91.4861420037811000,10:32:15 PM,4:26:18 PM,4:38:12 AM,731.8891360302490000,807.7486195236920000,21.9371548809229000,22.3445354293227000,67.6554645706773000,0.0066323500132622,67.6620969206906000,258.5904363930160000
39.0,-81.0,9,7/6/05,12:00:00 AM,2453557.1250000000000000,0.0550889801505818,103.7121554906840000,2340.6800763991600000,0.0167063178400328,-0.0222576717973886,103.6898978188870000,2340.6578187273600000,1.0167062143670700,103.6826918605540000,23.4385747244186000,23.4410025687565000,104.8611380583930000,22.7378327058342000,0.0430409927825996,-4.6208832079529200,111.0788144571600000,2:28:37 AM,7:04:18 PM,9:52:56 AM,888.6305156572830000,571.3791167920470000,-37.1552208019882000,35.4628347469882000,54.5371652530118000,0.0114889467098726,54.5486541997216000,#REF!
62.0,-33.0,-13,11/27/01,12:00:00 AM,2452241.0416666700000000,0.0190565822495965,246.5180914242950000,1043.5479727029300000,0.0167078328724404,-1.1568857340765100,245.3612056902180000,1042.3910869688500000,0.9866625417663550,245.3507380963220000,23.4390432960834000,23.4391245124456000,-116.5717728240160000,-21.1940916276816000,0.0430339001228679,12.3144314661784000,45.8891171204897000,12:59:41 AM,###############################################################################################################################################################################################################################################################,4:03:15 AM,367.1129369639170000,660.3144314661780000,-14.9213921334554000,84.0450453300429000,5.9549546699571300,0.1395231679070400,6.0944778378641700,#REF!
70.0,-155.0,-3,6/6/12,12:00:00 AM,2456084.6250000000000000,0.1242881587953460,74.9358620694247000,4831.7847865508700000,0.0167034073414646,0.8885512138914390,75.8244132833162000,4832.6733377647600000,1.0147807194462000,75.8230430063787000,23.4376748456147000,23.4365787819930000,74.6064333765010000,22.6822556329943000,0.0430242869377453,1.3109290788383800,#NUM!,7:18:41 PM,#NUM!,#NUM!,#NUM!,1001.3109290788400000,70.3277322697096000,62.0567335054028000,27.9432664945972000,0.0302957625915588,27.9735622571888000,259.5664572322820000
61.0,-40.0,-13,7/4/12,12:00:00 AM,2456113.0416666700000000,0.1250661647273510,102.9446746127610000,4859.7922611932400000,0.0167033746118495,0.0067978802909462,102.9514724930510000,4859.7990590735300000,1.0167043034034300,102.9500469835310000,23.4376647282823000,23.4365082899817000,104.0700170055660000,22.8062777488582000,0.0430240207624135,-4.5013556332291400,142.2898183226090000,1:44:30 AM,###############################################################################################################################################################################################################################################################,11:13:40 AM,1138.3185465808700000,615.4986443667710000,-26.1253389083073000,42.2459706252224000,47.7540293747776000,0.0146429116343886,47.7686722864120000,#REF!
-87.0,-140.0,-8,12/17/07,12:00:00 AM,2454451.8333333300000000,0.0795847592972892,265.5790633580500000,3222.5048612871600000,0.0167052876929893,-0.5871510815354300,264.9919122765140000,3221.9177102056300000,0.9840942953096200,264.9885314714030000,23.4382561768529000,23.4404976305513000,-95.4596353504716000,-23.3455657601921000,0.0430390857728687,4.1241904358818100,#NUM!,1:15:53 PM,#NUM!,#NUM!,#NUM!,1364.1241904358800000,161.0310476089700000,69.4948940895258000,20.5051059104742000,0.0427852296648664,20.5478911401390000,198.5802232459850000
-68.0,170.0,3,6/2/11,12:00:00 AM,2455714.3750000000000000,0.1141512662559890,69.9999262357578000,4466.8662826137400000,0.0167038337722546,1.0282043335049500,71.0281305692628000,4467.8944869472500000,1.0140704162091300,71.0271965682903000,23.4378066676330000,23.4375504496624000,69.4583853614815000,22.0948363078649000,0.0430279560111847,2.1599605313090700,15.6592684908778000,3:37:50 AM,2:35:12 AM,4:40:29 AM,125.2741479270230000,502.1599605313090000,-54.4600098671727000,98.4527954718366000,-8.4527954718366400,0.0388267645406455,-8.4139687072959900,#REF!
-2.0,153.0,-5,7/31/06,12:00:00 AM,2453947.7083333300000000,0.0657825690166595,128.6895873069000000,2725.6391195710100000,0.0167058681498715,-0.8130020907552800,127.8765852161440000,2724.8261174802500000,1.0151130917156100,127.8710780792050000,23.4384356630540000,23.4409937890733000,130.2853592671840000,18.3019307102096000,0.0430409596238121,-6.4031285582717100,90.2161065373832000,###############################################################################################################################################################################################################################################################,###############################################################################################################################################################################################################################################################,2:55:16 AM,721.7288522990660000,905.5968714417280000,46.3992178604321000,49.9552062652937000,40.0447937347063000,0.0191703710417137,40.0639641057480000,296.0909689709320000
17.0,-179.0,3,9/4/14,12:00:00 AM,2456904.3750000000000000,0.1467316906228610,162.9202874083430000,5639.7306165599100000,0.0167024631120463,-1.6355733838311800,161.2847140245120000,5638.0950431760800000,1.0086256363078100,161.2807557750110000,23.4373829858134000,23.4349968992212000,162.7293138006730000,7.3330647289581700,0.0430183140189777,0.7329770871999570,93.1340410790162000,2:55:16 AM,8:42:44 PM,9:07:48 AM,745.0723286321290000,544.7329770872000000,-43.8167557282000000,43.8047532592198000,46.1952467407802000,0.0154620715490278,46.2107088123293000,#REF!
14.0,114.0,-13,1/17/06,12:00:00 AM,2453753.0416666700000000,0.0604528861510338,296.8169009906240000,2533.7755981650100000,0.0167060922789932,0.4652709639554620,297.2821719545800000,2534.2408691289600000,0.9837916650077840,297.2758071337470000,23.4385049712164000,23.4410393316052000,-60.6646883947498000,-20.7060440279302000,0.0430411316273362,-10.0993409303966000,85.5134267914744000,###############################################################################################################################################################################################################################################################,###############################################################################################################################################################################################################################################################,###############################################################################################################################################################################################################################################################,684.1074143317960000,1225.9006590696000000,126.4751647674010000,128.6891329862830000,-38.6891329862829000,0.0072049373606664,-38.6819280489222000,254.5036980626870000
-42.0,-29.0,-3,6/8/17,12:00:00 AM,2457912.6250000000000000,0.1743360711841200,76.6992409811937000,6633.4620992467600000,0.0167013015837742,0.8393643920363650,77.5386053732301000,6634.3014636388000000,1.0149971252342600,77.5303717785687000,23.4370240134728000,23.4348565615221000,76.4490419124081000,22.8502847128209000,0.0430177841495056,0.9649221482660830,69.0105336039092000,10:55:02 AM,6:19:00 AM,3:31:05 PM,552.0842688312730000,64.9649221482661000,-163.7587694629330000,156.5395498564530000,-66.5395498564532000,0.0025041329238197,-66.5370457235293000,#REF!
54.0,-68.0,11,5/30/08,12:00:00 AM,2454616.0416666700000000,0.0840805384439839,67.4305738478133000,3384.3486407686700000,0.0167050986106951,1.0970393019459200,68.5276131497592000,3385.4456800706100000,1.0136681380778800,68.5248385328242000,23.4381977129165000,23.4402264324110000,66.7905438484805000,21.7264694139766000,0.0430380615525683,2.5455742786633200,125.1059800473480000,3:29:27 AM,7:09:02 PM,11:49:53 AM,1000.8478403787800000,510.5455742786630000,-52.3636064303342000,50.7347881835867000,39.2652118164133000,0.0197067853997739,39.2849186018131000,#REF!
0.0,111.0,-13,1/24/09,12:00:00 AM,2454856.0416666700000000,0.0906513803331009,303.9859406353530000,3620.8927082061600000,0.0167048222467458,0.6962007334457990,304.6821413687990000,3621.5889089396100000,0.9844308601418030,304.6801286775450000,23.4381122644811000,23.4397477817210000,-52.9781027467235000,-19.0937396507206000,0.0430362538889057,-12.1627776281337000,90.8814995124387000,###############################################################################################################################################################################################################################################################,###############################################################################################################################################################################################################################################################,###############################################################################################################################################################################################################################################################,727.0519960995100000,1211.8372223718700000,122.9593055929670000,120.9381521654590000,-30.9381521654590000,0.0096264149296690,-30.9285257505293000,247.5810750098330000
-69.0,47.0,2,9/27/13,12:00:00 AM,2456562.4166666700000000,0.1373693817020260,185.8699580655510000,5302.6963872970800000,0.0167028570124284,-1.8931044509204900,183.9768536146310000,5300.8032828461600000,1.0023979616176600,183.9741943331970000,23.4375047349894000,23.4355250895811000,-176.3527195624120000,-1.5795369893056900,0.0430203083255178,8.8556499039442000,96.4547503145169000,10:43:09 AM,4:17:20 AM,5:08:58 PM,771.6380025161350000,76.8556499039442000,-160.7860875240140000,108.2125632481630000,-18.2125632481632000,0.0175365941184382,-18.1950266540448000,#REF!
86.0,157.0,-13,2/9/17,12:00:00 AM,2457794.0416666700000000,0.1710894364590420,319.8178911815300000,6516.5863326777700000,0.0167014382046484,1.1600675680350100,320.9779587495650000,6517.7464002458100000,0.9866915397014280,320.9701830708320000,23.4370662332893000,23.4347627848415000,-36.6410847452550000,-14.5038140314787000,0.0430174300812528,-14.2234280672527000,#NUM!,###############################################################################################################################################################################################################################################################,#NUM!,#NUM!,#NUM!,1393.7765719327500000,168.4441429831870000,108.4211253602020000,-18.4211253602022000,0.0173239310704576,-18.4038014291317000,348.2048449378950000
-46.0,11.0,10,8/11/06,12:00:00 AM,2453958.0833333300000000,0.0660666210358245,138.9156786799590000,2735.8647224881500000,0.0167058562044316,-1.1028248112290300,137.8128538687300000,2734.7618976769200000,1.0136333791506800,137.8073925233830000,23.4384319691899000,23.4409890385469000,140.2498528178130000,15.4962522557648000,0.0430409416822033,-5.3572208371951400,74.6100413725387000,9:21:21 PM,4:22:55 PM,2:19:48 AM,596.8803309803100000,878.6427791628050000,39.6606947907012000,71.1468257258474000,18.8531742741526000,0.0467806086173054,18.8999548827699000,319.4654751240580000
25.0,-134.0,-13,11/4/09,12:00:00 AM,2455140.0416666700000000,0.0984268765685561,223.9097913677650000,3900.8031879900500000,0.0167044952019391,-1.6616957080513100,222.2480956597130000,3899.1414922820000000,0.9916553030228200,222.2467494076590000,23.4380111504962000,23.4390796330874000,-140.1959493771510000,-15.5115826962001000,0.0430337306394086,16.4647606492267000,83.5248239853509000,7:39:32 AM,2:05:26 AM,1:13:38 PM,668.1985918828070000,260.4647606492270000,-114.8838098376930000,118.7172480981080000,-28.7172480981083000,0.0105315928072840,-28.7067165053010000,#REF!
-35.0,132.0,-6,4/9/00,12:00:00 AM,2451643.7500000000000000,0.0027036276522930,17.7991368184380000,454.8571378192050000,0.0167085203466783,1.9040603514288100,19.7031971698668000,456.7611981706340000,1.0016922909207700,19.6933596995326000,23.4392559526853000,23.4379832799918000,18.1796334803972000,7.7030150181203200,0.0430295904581159,-1.5440195553463700,85.5953490356751000,###############################################################################################################################################################################################################################################################,###############################################################################################################################################################################################################################################################,2:55:56 AM,684.7627922854010000,886.4559804446540000,41.6139951111634000,57.9932080871828000,32.0067919128172000,0.0257414287218688,32.0325333415391000,309.0957030634390000
-72.0,85.0,8,5/18/03,12:00:00 AM,2452777.1666666700000000,0.0337348847821085,54.9482826273106000,1571.9529236235600000,0.0167072157424584,1.4040505073212200,56.3523331346318000,1573.3569741308800000,1.0113219520289000,56.3425122307596000,23.4388524168797000,23.4401404512654000,54.0302507445880000,19.3359998129551000,0.0430377368346786,3.6280507174161200,#NUM!,2:16:22 PM,#NUM!,#NUM!,#NUM!,1303.6280507174200000,145.9070126793540000,123.8053250103880000,-33.8053250103880000,0.0086173904808787,-33.7967076199071000,219.5340743135560000
17.0,127.0,-4,1/30/11,12:00:00 AM,2455591.6666666700000000,0.1107916951859410,309.0527811863160000,4345.9249148264200000,0.0167039750942923,0.8528130635934530,309.9055942499090000,4346.7777278900100000,0.9850325417242750,309.9046838362420000,23.4378503561148000,23.4378840349753000,-47.6516847085196000,-17.7655416737611000,0.0430292156877108,-13.2050316969485000,85.2968677747415000,###############################################################################################################################################################################################################################################################,###############################################################################################################################################################################################################################################################,5:26:24 AM,682.3749421979320000,734.7949683030520000,3.6987420757628800,34.9556943085536000,55.0443056914464000,0.0112753445640770,55.0555810360104000,186.1554038221320000
-73.0,120.0,-1,10/24/03,12:00:00 AM,2452936.5416666700000000,0.0380983344741002,212.0358307485260000,1729.0329684752800000,0.0167070322764108,-1.8219269667530600,210.2139037817730000,1727.2110415085300000,0.9948040991362650,210.2044805802080000,23.4387956738099000,23.4403944587884000,-151.8942651589420000,-11.5443048220017000,0.0430386961277351,15.7200631680113000,135.9594645740230000,2:44:17 AM,###############################################################################################################################################################################################################################################################,11:48:07 AM,1087.6757165921900000,555.7200631680110000,-41.0699842079972000,65.9619471816985000,24.0380528183015000,0.0359660587342025,24.0740188770357000,#REF!
-84.0,-168.0,6,6/29/16,12:00:00 AM,2457568.2500000000000000,0.1649075975359340,97.2669303548209000,6294.0460027193800000,0.0167016983337772,0.1944858017556970,97.4614161565766000,6294.2404885211400000,1.0166155642682000,97.4545767553836000,23.4371466230298000,23.4346617361831000,98.1161854037177000,23.2249207633559000,0.0430170485582975,-3.4208524900680100,#NUM!,5:15:25 AM,#NUM!,#NUM!,#NUM!,404.5791475099320000,-78.8552131225170000,111.9387048450340000,-21.9387048450344000,0.0143253553629487,-21.9243794896714000,#REF!
20.0,121.0,9,12/21/13,12:00:00 AM,2456647.1250000000000000,0.1396885694729640,269.3625033944420000,5386.1849443962500000,0.0167027594393211,-0.4664811899935640,268.8960222044480000,5385.7184632062500000,0.9837977294016150,268.8930645506690000,23.4374745758470000,23.4353740495166000,-91.2064287850882000,-23.4307392416274000,0.0430197380332338,2.2512981119164400,81.9015528038176000,12:53:45 PM,7:26:09 AM,6:21:21 PM,655.2124224305410000,1386.2512981119200000,166.5628245279790000,167.0600303767310000,-77.0600303767311000,0.0013257433913929,-77.0587046333397000,252.2058537860960000
18.0,-147.0,-9,5/12/00,12:00:00 AM,2451676.8750000000000000,0.0036105407255305,50.4487056256157000,487.5051471504600000,0.0167084822220479,1.4996357184112000,51.9483413440269000,489.0047828688720000,1.0103467237036000,51.9384330782493000,23.4392441590356000,23.4380400746668000,49.5214405923210000,18.2505890708314000,0.0430298049277485,3.6654961486172800,97.0792497343667000,12:44:20 PM,6:16:01 AM,7:12:39 PM,776.6339978749330000,1395.6654961486200000,168.9163740371540000,142.1473478592100000,-52.1473478592096000,0.0044841695163341,-52.1428636896932000,342.6910046382920000
-2.0,23.0,0,8/14/00,12:00:00 AM,2451770.5000000000000000,0.0061738535249829,142.7299397286000000,579.7819735230940000,0.0167083744648900,-1.2056636842927900,141.5242760443070000,578.5763098388020000,1.0129532926482700,141.5141892624510000,23.4392108252848000,23.4382064863384000,143.8917445136530000,14.3316461686261000,0.0430304333394659,-4.6866047306188500,90.3490744132998000,10:32:41 AM,4:31:17 AM,4:34:05 PM,722.7925953063980000,87.3133952693811000,-158.1716511826550000,155.1625814491700000,-65.1625814491695000,0.0026706884706822,-65.1599107606988000,#REF!
20.0,112.0,-10,6/22/14,12:00:00 AM,2456830.9166666700000000,0.1447205110654760,90.5162748983976000,5567.3300626214800000,0.0167025477302682,0.4114124376747810,90.9276873360724000,5567.7414750591500000,1.0163099711524100,90.9240273396655000,23.4374091395591000,23.4350914684750000,91.0070855515825000,23.4318618046295000,0.0430186710836899,-1.9747512298166000,100.0557285347310000,###############################################################################################################################################################################################################################################################,###############################################################################################################################################################################################################################################################,1:14:12 AM,800.4458282778500000,1046.0252487701800000,81.5063121925459000,74.7308074253505000,15.2691925746495000,0.0581787101597401,15.3273712848092000,289.8344481598960000
-63.0,-7.0,-6,8/1/15,12:00:00 AM,2457235.7500000000000000,0.1558042436687200,129.5391822149930000,5966.3339094946100000,0.0167020813813712,-0.8333867017350250,128.7057955132580000,5965.5005227928700000,1.0150235249035500,128.7004134285010000,23.4372650046854000,23.4347103216993000,131.1271008543870000,18.0820328497902000,0.0430172319992943,-6.3712675780957900,52.6190035796731000,6:34:22 AM,3:03:54 AM,10:04:51 AM,420.9520286373850000,325.6287324219040000,-98.5928168945239000,109.9396701470020000,-19.9396701470018000,0.0159050330434989,-19.9237651139583000,#REF!
6.0,-29.0,-8,5/2/01,12:00:00 AM,2452031.8333333300000000,0.0133287702486924,40.3124498939909000,837.3521804592260000,0.0167080736759760,1.6841341061981300,41.9965840001890000,839.0363145654250000,1.0078953807489200,41.9861762963710000,23.4391177815334000,23.4387058243360000,39.5467422785453000,15.4315686595936000,0.0430323189933220,3.0207794558510800,92.5320205576452000,5:52:59 AM,###############################################################################################################################################################################################################################################################,12:03:06 PM,740.2561644611620000,367.0207794558510000,-88.2448051360372000,86.7222185725425000,3.2777814274575400,0.2163961812594740,3.4941776087170100,#REF!
63.0,78.0,-6,3/11/08,12:00:00 AM,2454536.7500000000000000,0.0819096509240246,349.2769518056840000,3306.1987518191000000,0.0167051899139496,1.7660719443661800,351.0430237500510000,3307.9648237634700000,0.9934953392347820,351.0399639616920000,23.4382259435361000,23.4403635375669000,-8.2311823914130800,-3.5520165684877300,0.0430385793490275,-9.9655727474900500,84.8512103710876000,12:57:58 AM,###############################################################################################################################################################################################################################################################,6:37:22 AM,678.8096829687010000,662.0344272525100000,-14.4913931868725000,67.4493196210331000,22.5506803789669000,0.0385958278436677,22.5892762068105000,#REF!
-34.0,36.0,-2,7/20/05,12:00:00 AM,2453571.5833333300000000,0.0554848277435589,117.9629735864830000,2354.9302137991900000,0.0167063011942418,-0.4834658037372550,117.4795077827460000,2354.4467479954500000,1.0161614242938700,117.4723625340320000,23.4385695767451000,23.4410080530554000,119.5413526093530000,20.6675871238489000,0.0430410134955066,-6.3394834761548100,76.3672709465336000,7:42:20 AM,2:36:52 AM,12:47:49 PM,610.9381675722680000,257.6605165238450000,-115.5848708690390000,122.1638249574370000,-32.1638249574373000,0.0091754468760629,-32.1546495105612000,#REF!
-43.0,-50.0,3,10/22/09,12:00:00 AM,2455126.3750000000000000,0.0980527036276523,210.4392774233820000,3887.3333174846000000,0.0167045109403617,-1.8383930208098200,208.6008844025720000,3885.4949244637900000,0.9952803786856510,208.5995126051760000,23.4380160163101000,23.4391137970582000,-153.4249570560640000,-10.9766163283939000,0.0430338596569952,15.4838514598475000,101.6022512828350000,6:04:31 PM,11:18:06 AM,12:50:56 AM,812.8180102626820000,1075.4838514598500000,88.8709628649619000,81.7203210157958000,8.2796789842042200,0.1049597612628990,8.3846387454671200,262.6811271069740000
4.0,-147.0,-5,5/31/04,12:00:00 AM,2453156.7083333300000000,0.0441261692904446,69.0425246952759000,1946.0292970925000000,0.0167067788215216,1.0514586922911100,70.0939833875670000,1947.0807557847900000,1.0139417186442000,70.0852404633537000,23.4387172867755000,23.4406871212267000,68.4522064610486000,21.9632160891629000,0.0430398014205484,2.3215213438969900,92.5169019228694000,4:45:41 PM,10:35:37 AM,10:55:45 PM,740.1352153829550000,1154.3215213439000000,108.5803803359740000,105.5869245649640000,-15.5869245649637000,0.0206840407366197,-15.5662405242271000,294.1260831896070000
58.0,-71.0,11,3/17/01,12:00:00 AM,2451985.0416666700000000,0.0120476842345383,354.1923671561420000,791.2343006148750000,0.0167081275331077,1.8247892241773000,356.0171563803190000,793.0590898390530000,0.9948782884929490,356.0067863415730000,23.4391344409945000,23.4386136369196000,-3.6646587525518600,-1.5872833132594800,0.0430319708619180,-8.5907041305196900,89.0316051343581000,3:52:35 AM,9:56:28 PM,9:48:43 AM,712.2528410748640000,487.4092958694800000,-58.1476760326299000,75.1637644549462000,14.8362355450538000,0.0598993314599240,14.8961348765138000,#REF!
-52.0,70.0,-1,6/2/04,12:00:00 AM,2453158.5416666700000000,0.0441763632215335,70.8495448566155000,1947.8362309413400000,0.0167067767109577,1.0013797716425900,71.8509246282581000,1948.8376107129800000,1.0142212671261200,71.8421879405075000,23.4387166340446000,23.4406892360745000,70.3296254213782000,22.2092236677099000,0.0430398094077109,2.0402287498542600,60.1937360895006000,6:17:58 AM,2:17:11 AM,10:18:44 AM,481.5498887160050000,342.0402287498540000,-94.4899428125364000,110.0280930279110000,-20.0280930279109000,0.0158287921186046,-20.0122642357923000,#REF!
-64.0,93.0,-3,1/22/03,12:00:00 AM,2452661.6250000000000000,0.0305715263518138,301.0649438268050000,1458.0750244373600000,0.0167073487463306,0.6060092347579630,301.6709530615630000,1458.6810336721100000,0.9841456663031250,301.6608993562290000,23.4388935537484000,23.4399384510378000,-56.0935084562609000,-19.7906643468961000,0.0430369739623237,-11.4135016508220000,140.6261389210430000,2:59:25 AM,###############################################################################################################################################################################################################################################################,12:21:55 PM,1125.0091113683500000,540.5864983491780000,-44.8533754127055000,53.3639348534210000,36.6360651465790000,0.0216553016940952,36.6577204482731000,#REF!
72.0,-116.0,5,2/12/16,12:00:00 AM,2457430.2916666700000000,0.1611305042208490,321.2886629186220000,6158.0742307088800000,0.0167018572674770,1.1998808374009100,322.4885437560230000,6159.2741115462800000,0.9869613003065190,322.4823036678580000,23.4371957410309000,23.4346527494476000,-35.1640751308844000,-14.0166359637420000,0.0430170146277438,-14.2422522276891000,43.9610441737477000,12:58:15 AM,10:02:24 PM,3:54:05 AM,351.6883533899820000,661.7577477723110000,-14.5605630569223000,86.5695166752027000,3.4304833247973400,0.2100786793224500,3.6405620041197900,#REF!
71.0,-35.0,-5,7/2/09,12:00:00 AM,2455014.7083333300000000,0.0949954369153590,100.3753220262420000,3777.2746194495200000,0.0167046395334607,0.0891583806292543,100.4644804068710000,3777.3637778301500000,1.0166873955277200,100.4628744640970000,23.4380557735697000,23.4393859679516000,101.3803277977360000,23.0269912686255000,0.0430348874967474,-4.0208415055310900,#NUM!,9:24:01 AM,#NUM!,#NUM!,#NUM!,155.9791584944690000,-141.0052103763830000,82.1267336441756000,7.8732663558244100,0.1098261104333130,7.9830924662577200,#REF!
-32.0,8.0,-7,1/24/02,12:00:00 AM,2452298.7916666700000000,0.0206376910791653,303.4392264928100000,1100.4663889628900000,0.0167077663994168,0.6827720971963820,304.1219985900070000,1101.1491610600900000,0.9843828182796190,304.1115458896010000,23.4390227350713000,23.4392403384727000,-53.5628591971187000,-19.2285915627946000,0.0430343375326590,-12.0444624498425000,103.6569501065280000,4:40:03 AM,###############################################################################################################################################################################################################################################################,11:34:40 AM,829.2556008522210000,439.9555375501570000,-70.0111156124606000,63.3688731077604000,26.6311268922396000,0.0320314683701238,26.6631583606097000,#REF!
84.0,6.0,5,4/2/03,12:00:00 AM,2452731.2916666700000000,0.0324788957335116,9.7317099545593900,1526.7385107122200000,0.0167072685510069,1.9133307422080900,11.6450406967675000,1528.6518414544200000,0.9993290661211630,11.6351215674033000,23.4388687499822000,23.4400618539547000,10.6980711053073000,4.6015293009925900,0.0430374400038683,-3.8810473977975500,154.8631029542900000,4:39:53 PM,6:20:26 AM,2:59:20 AM,1238.9048236343200000,1160.1189526022000000,110.0297381505510000,87.4724577399870000,2.5275422600130100,0.2523031514907130,2.7798454115037200,290.3808185203860000
12.0,-134.0,-12,11/30/02,12:00:00 AM,2452609.0000000000000000,0.0291307323750856,249.1952514720800000,1406.2078096248100000,0.0167074093238856,-1.0835527497934700,248.1116987222860000,1405.1242568750100000,0.9862043141267090,248.1015553230230000,23.4389122900856000,23.4398423297187000,-113.6592043784880000,-21.6591537544688000,0.0430366109539309,11.3678018395203000,86.0768104317526000,8:44:38 AM,3:00:19 AM,2:28:56 PM,688.6144834540210000,195.3678018395200000,-131.1580495401200000,132.4573800767450000,-42.4573800767454000,0.0063062614012033,-42.4510738153442000,#REF!
8.0,130.0,-4,8/17/18,12:00:00 AM,2458347.6666666700000000,0.1862468628793020,145.4969125946960000,7062.2392878152000000,0.0167008003456690,-1.2667965713728800,144.2301160233230000,7060.9724912438300000,1.0124890954802100,144.2205015604880000,23.4368691234337000,23.4354076110605000,146.5261491036200000,13.4461273801740000,0.0430198647534929,-4.1552705721284400,92.7911708818155000,###############################################################################################################################################################################################################################################################,###############################################################################################################################################################################################################################################################,5:35:19 AM,742.3293670545240000,755.8447294278720000,8.9611823569679000,10.3495364664149000,79.6504635335851000,0.0029472311240413,79.6534107647091000,302.5130772417800000
55.0,170.0,2,11/15/10,12:00:00 AM,2455515.4166666700000000,0.1087040839607530,233.8971698348570000,4270.7728934153300000,0.0167040629092621,-1.4694586779295000,232.4277111569270000,4269.3034347374000000,0.9892548752881210,232.4267844519560000,23.4378775037962000,23.4380913414165000,-129.9814289851290000,-18.3760828344604000,0.0430299985231725,15.5433589661826000,63.4030629282851000,2:24:27 AM,###############################################################################################################################################################################################################################################################,6:38:04 AM,507.2245034262810000,575.5433589661830000,-36.1141602584543000,79.5432922822045000,10.4567077177955000,0.0844647754918320,10.5411724932873000,#REF!
29.0,103.0,-1,2/17/01,12:00:00 AM,2451957.5416666700000000,0.0112947752680770,327.0870647462950000,764.1302928701430000,0.0167081591853687,1.3532809910530700,328.4403457373490000,765.4835738611970000,0.9881463924817600,328.4300019229330000,23.4391442319509000,23.4385598986942000,-29.4134260793853000,-12.0195866193940000,0.0430317679285921,-14.0632665413808000,84.2017831716047000,4:22:04 AM,###############################################################################################################################################################################################################################################################,9:58:52 AM,673.6142653728380000,457.9367334586190000,-65.5158166353452000,75.3109755566041000,14.6890244433959000,0.0605057013597112,14.7495301447556000,#REF!
-64.0,128.0,13,1/20/00,12:00:00 AM,2451562.9583333300000000,0.0004916723705267,298.1670438431760000,375.2288483927580000,0.0167086133315379,0.5132587723759230,298.6803026155520000,375.7421071651340000,0.9838988601319160,298.6706539745430000,23.4392847173216000,23.4378498870665000,-59.2053704892973000,-20.4253221816181000,0.0430290867383134,-10.5516338710569000,143.0272493329840000,4:38:33 PM,7:06:27 AM,2:10:40 AM,1144.2179946638700000,1161.4483661289400000,110.3620915322360000,80.1700406263991000,9.8299593736008700,0.0895587879614726,9.9195181615623400,243.0825443399970000
-49.0,-79.0,11,3/1/10,12:00:00 AM,2455256.0416666700000000,0.1016027834816290,338.2448853394350000,4015.1328205724900000,0.0167043616158508,1.5893085774496600,339.8341939168850000,4016.7221291499400000,0.9906420711728120,339.8330362046550000,23.4379698504173000,23.4387832688070000,-18.6221940674076000,-7.8820173491482100,0.0430326114514695,-12.5431955738148000,100.4647103857260000,4:28:33 AM,9:46:41 PM,11:10:24 AM,803.7176830858080000,451.4568044261850000,-67.1357988934537000,69.1453499015130000,20.8546500984870000,0.0420154353992789,20.8966655338863000,#REF!
36.0,-150.0,13,3/4/08,12:00:00 AM,2454528.9583333300000000,0.0816963267168648,341.5971161139760000,3298.5192829628500000,0.0167051988858813,1.6502902743277400,343.2474063883030000,3300.1695732371800000,0.9914829824449510,343.2443177899500000,23.4382287176432000,23.4403764001160000,-15.4416284398518000,-6.5852073112408900,0.0430386279263844,-11.8570163930612000,86.2281104446794000,11:11:51 AM,5:26:57 AM,4:56:46 PM,689.8248835574350000,48.1429836069387000,-167.9642540982650000,148.5856538071010000,-58.5856538071013000,0.0035240063837036,-58.5821298007176000,#REF!
-83.0,51.0,-13,7/20/14,12:00:00 AM,2456859.0416666700000000,0.1454905315993570,118.2376069707740000,5595.0500705106400000,0.0167025153326016,-0.4871548775997390,117.7504520931750000,5594.5629156330400000,1.0161490057870800,117.7466789356120000,23.4373991260716000,23.4350539808926000,119.8276266628070000,20.6083800107074000,0.0430185295417993,-6.3719735117452900,#NUM!,###############################################################################################################################################################################################################################################################,#NUM!,#NUM!,#NUM!,977.6280264882550000,64.4070066220637000,107.4623612325100000,-17.4623612325102000,0.0183421079603940,-17.4440191245499000,297.7539185956470000
15.0,-108.0,12,11/27/17,12:00:00 AM,2458084.0000000000000000,0.1790280629705680,245.6145578320450000,6802.3693472725200000,0.0167011041364492,-1.1880536117640000,244.4265042202810000,6801.1812936607600000,0.9868804207454870,244.4176641394170000,23.4369629979792000,23.4350375406169000,-117.5547263325720000,-21.0216022533977000,0.0430184674683187,12.6414226772628000,85.0177038019810000,6:59:22 AM,1:19:17 AM,12:39:26 PM,680.1416304158480000,300.6414226772630000,-104.8396443306840000,108.8908594298700000,-18.8908594298699000,0.0168615681947699,-18.8739978616752000,#REF!
-37.0,-180.0,-4,5/22/05,12:00:00 AM,2453512.6666666700000000,0.0538717773214651,59.8919165630150000,2296.8619305610400000,0.0167063690243920,1.2892263606991700,61.1811429237142000,2298.1511569217400000,1.0123199328753400,61.1737520302449000,23.4385905531433000,23.4409829976196000,59.0422508534320000,20.3962492178525000,0.0430409188670624,3.3642024472329400,74.8844327173409000,7:56:38 PM,2:57:06 PM,12:56:10 AM,599.0754617387270000,963.3642024472330000,60.8410506118082000,81.0839352153201000,8.9160647846798800,0.0980876593660653,9.0141524440459400,304.0516553168800000
-28.0,-38.0,5,4/10/16,12:00:00 AM,2457488.2916666700000000,0.1627184576773860,18.4562099640734000,6215.2390469698800000,0.0167017904495212,1.9019115275815900,20.3581214916550000,6217.1409584974600000,1.0018020226306200,20.3516277878370000,23.4371750909981000,23.4346515369042000,18.7954432798454000,7.9502586458797600,0.0430170100496340,-1.3671444278992000,86.6961542703332000,7:33:22 PM,1:46:35 PM,1:20:09 AM,693.5692341626650000,986.6328555721010000,66.6582138930252000,73.6478234539903000,16.3521765460097000,0.0542458961940582,16.4064224422037000,288.6182832046140000
-21.0,166.0,-4,3/16/02,12:00:00 AM,2452349.6666666700000000,0.0220305726671187,353.5840359591880000,1150.6088032865100000,0.0167077078393234,1.8182626748400700,355.4022986340280000,1152.4270659613500000,0.9947042001437660,355.3918702947430000,23.4390046217982000,23.4393418749515000,-4.2293161414108000,-1.8313487837734600,0.0430347209808383,-8.7662355942116200,91.5961231778485000,###############################################################################################################################################################################################################################################################,###############################################################################################################################################################################################################################################################,3:11:09 AM,732.7689854227880000,895.2337644057880000,43.8084411014471000,46.7774084665895000,43.2225915334105000,0.0171492045161474,43.2397407379267000,288.2872632409540000
81.0,121.0,-7,10/3/16,12:00:00 AM,2457664.7916666700000000,0.1675507643166740,192.4229695169620000,6389.1974964490200000,0.0167015871116386,-1.9127585417716100,190.5102109751910000,6387.2847379072500000,1.0005136775117800,190.5029627114060000,23.4371122508147000,23.4346921012116000,-170.3463727562260000,-4.1573577885319800,0.0430171632054006,11.0356126139979000,68.5462738217393000,###############################################################################################################################################################################################################################################################,###############################################################################################################################################################################################################################################################,1:19:09 AM,548.3701905739140000,915.0356126139980000,48.7589031534995000,88.2091354118746000,1.7908645881253600,0.2979028124034460,2.0887674005288100,228.6189862164630000
-63.0,-71.0,2,4/9/16,12:00:00 AM,2457487.4166666700000000,0.1626945014829980,17.5937685215658000,6214.3766467245700000,0.0167017914575554,1.9049156381662300,19.4986841597321000,6216.2815623627400000,1.0015523219660800,19.4921942666834000,23.4371754025288000,23.4346515011710000,17.9921472500200000,7.6259243812124600,0.0430170099147191,-1.6029049465234200,76.6756441324459000,6:45:36 PM,1:38:54 PM,11:52:18 PM,613.4051530595670000,1034.3970950534800000,78.5992737633691000,91.6786859738551000,-1.6786859738550700,0.1968814012524920,-1.4818045726025800,283.5866063740130000
11.0,-99.0,-2,6/18/16,12:00:00 AM,2457557.5833333300000000,0.1646155601186440,86.7533584840448000,6283.5329330625900000,0.0167017106223469,0.5318549869263820,87.2852134709712000,6284.0647880495200000,1.0160395747240200,87.2784198650230000,23.4371504207368000,23.4346595861631000,87.0341649382350000,23.4066499139856000,0.0430170404406242,-1.1495660875631600,95.7553450770650000,4:37:09 PM,10:14:08 AM,11:00:10 PM,766.0427606165200000,1162.8504339124400000,110.7126084781090000,104.0526077325310000,-14.0526077325310000,0.0230520164547594,-14.0295557160763000,297.7638518662020000
-56.0,-73.0,-7,12/21/09,12:00:00 AM,2455186.7916666700000000,0.0997068218115403,269.9888055323350000,3946.8800011217100000,0.0167044413647498,-0.4435072366653360,269.5452982956700000,3946.4364938850400000,0.9837473352024130,269.5440341636160000,23.4379945058524000,23.4389615071527000,-90.4969719941176000,-23.4381749255110000,0.0430332845475893,1.9269639221318600,132.1497714003730000,9:50:04 AM,1:01:28 AM,6:38:40 PM,1057.1981712029800000,129.9269639221320000,-147.5182590194670000,95.9140017309743000,-5.9140017309742800,0.0557020027676887,-5.8582997282065900,#REF!
52.0,-57.0,-3,3/18/01,12:00:00 AM,2451986.6250000000000000,0.0120910335386721,355.7529754768720000,792.7948343942650000,0.0167081257107005,1.8399893926513700,357.5929648695230000,794.6348237869170000,0.9953154417506450,357.5825934127760000,23.4391338772727000,23.4386167415743000,-2.2181466869584800,-0.9613228542457390,0.0430319825861374,-8.1329334853015600,90.1226065539923000,12:56:08 PM,6:55:39 AM,6:56:37 PM,720.9808524319390000,1383.8670665147000000,165.9667666286750000,127.6201642044230000,-37.6201642044228000,0.0074870455364927,-37.6126771588863000,342.1759179267280000
-1.0,173.0,-6,2/8/04,12:00:00 AM,2453043.7500000000000000,0.0410335386721424,317.7054415567150000,1834.6975319763200000,0.0167069088598036,1.1087538351217500,318.8141953918360000,1835.8062858114400000,0.9863574468548350,318.8050858051680000,23.4387575038941000,23.4405462285304000,-38.7659747131228000,-15.1886666834482000,0.0430392693117924,-14.1787352751664000,91.1348357412689000,###############################################################################################################################################################################################################################################################,###############################################################################################################################################################################################################################################################,12:46:43 AM,729.0786859301510000,1037.8212647248300000,79.4553161812084000,79.5629389336922000,10.4370610663078000,0.0846162754875825,10.5216773417954000,254.7381102240540000
-38.0,100.0,-10,9/16/15,12:00:00 AM,2457281.9166666700000000,0.1570682181154420,175.0432354623290000,6011.8357891066300000,0.0167020281975722,-1.8064697779180100,173.2367656844110000,6010.0293193287200000,1.0054575902570100,173.2311798515400000,23.4372485677330000,23.4346891756819000,173.7849495420140000,2.6867102533009800,0.0430171521596767,4.9849319073127200,88.9575326516088000,###############################################################################################################################################################################################################################################################,###############################################################################################################################################################################################################################################################,1:10:51 AM,711.6602612128700000,1004.9849319073100000,71.2462329768282000,77.0436107029987000,12.9563892970013000,0.0685890857317114,13.0249783827330000,283.9329735495100000
12.0,-128.0,12,8/26/13,12:00:00 AM,2456530.0000000000000000,0.1364818617385350,153.9185560666870000,5270.7465115353400000,0.0167028943518994,-1.4626266571042200,152.4559294095830000,5269.2838848782400000,1.0107344804271300,152.4533794948890000,23.4375162764616000,23.4355861417241000,154.4254544089030000,10.5989096319734000,0.0430205388454238,-2.0439280824457400,93.1468647181467000,8:34:03 AM,2:21:27 AM,2:46:38 PM,745.1749177451740000,205.9560719175540000,-128.5109820206110000,124.0851901104340000,-34.0851901104338000,0.0085270012228654,-34.0766631092109000,#REF!
81.0,-143.0,0,7/18/11,12:00:00 AM,2455760.5000000000000000,0.1154140999315540,115.4629108112340000,4512.3270955637400000,0.0167037806497847,-0.4004730920305660,115.0624377192030000,4511.9266224717100000,1.0163321177008800,115.0614790093140000,23.4377902455111000,23.4374257095694000,117.0063248745990000,21.1186756082392000,0.0430274849758884,-6.1732427526249600,#NUM!,9:38:10 PM,#NUM!,#NUM!,#NUM!,861.8267572473750000,35.4566893118437000,61.6581610770124000,28.3418389229876000,0.0297974229403716,28.3716363459280000,217.9392043868250000
60.0,-73.0,-7,12/9/11,12:00:00 AM,2455904.7916666700000000,0.1193645904631490,257.6836114359990000,4654.5410027382500000,0.0167036144655011,-0.8385642340477910,256.8450472019510000,4653.7024385042000000,0.9849721682622970,256.8439559821330000,23.4377388726040000,23.4370406593451000,-104.2924600392300000,-22.7867212339808000,0.0430260309922813,7.8814463301063500,45.8868785556110000,9:44:07 AM,6:40:34 AM,12:47:40 PM,367.0950284448880000,135.8814463301060000,-146.0296384174730000,135.8660167920180000,-45.8660167920177000,0.0055981589598446,-45.8604186330578000,#REF!
20.0,104.0,-6,9/30/02,12:00:00 AM,2452547.7500000000000000,0.0274537987679671,188.8243506332480000,1345.8397923837400000,0.0167074798291660,-1.9062503785793800,186.9181002546680000,1343.9335420051600000,1.0014901880654000,186.9078657378090000,23.4389340972232000,23.4397277035969000,-173.6573263686270000,-2.7422340639126300,0.0430361780631183,9.8675987222803900,89.8885906415562000,###############################################################################################################################################################################################################################################################,###############################################################################################################################################################################################################################################################,4:53:41 AM,719.1087251324500000,785.8675987222800000,16.4668996805701000,27.9013314347196000,62.0986685652804000,0.0085426962900294,62.1072112615704000,217.2329660053860000
-43.0,26.0,9,1/31/05,12:00:00 AM,2453401.1250000000000000,0.0508179329226557,309.9511671679100000,2186.9264325196000000,0.0167064974393558,0.8833347048627320,310.8345018727720000,2187.8097672244700000,0.9851642165324420,310.8266603123430000,23.4386302658846000,23.4409162677160000,-46.7195728985718000,-17.5185199749506000,0.0430406668445770,-13.3693451381820000,108.3727320837210000,7:29:22 PM,12:15:53 PM,2:42:52 AM,866.9818566697670000,990.6306548618180000,67.6576637154545000,61.9388797588246000,28.0611202411754000,0.0301470771061970,28.0912673182816000,271.7587045611310000
53.0,116.0,-10,1/22/13,12:00:00 AM,2456314.9166666700000000,0.1305932010038740,301.9222358743550000,5058.7603178492600000,0.0167031420927936,0.6279617541264420,302.5501976284810000,5059.3882796033900000,0.9842148161271090,302.5482975702840000,23.4375928536863000,23.4360328293729000,-55.1758541336648000,-19.5882026316197000,0.0430222254633147,-11.6225255247674000,63.4748534778390000,###############################################################################################################################################################################################################################################################,###############################################################################################################################################################################################################################################################,###############################################################################################################################################################################################################################################################,507.7988278227120000,1052.3774744752300000,83.0943686188082000,101.5122477457420000,-11.5122477457423000,0.0283294574275113,-11.4839182883148000,252.6487323401900000
39.0,-152.0,0,3/13/13,12:00:00 AM,2456364.5000000000000000,0.1319507186858320,350.7939175907160000,5107.6296650968300000,0.0167030849816659,1.7838784689908900,352.5777960597070000,5109.4135435658200000,0.9938847951810700,352.5757585854900000,23.4375752002771000,23.4359238309369000,-6.8178018000309000,-2.9458348796518200,0.0430218139001404,-9.5453377953328900,88.6855416378707000,10:17:33 PM,4:22:48 PM,4:12:17 AM,709.4843331029650000,822.4546622046670000,25.6136655511668000,48.1250237711341000,41.8749762288659000,0.0179759486816043,41.8929521775475000,215.4372955785120000
-56.0,-53.0,12,5/11/13,12:00:00 AM,2456423.0000000000000000,0.1335523613963040,48.4542882892601000,5165.2872815123700000,0.0167030175995332,1.5435356988111200,49.9978239880713000,5166.8308172111800000,1.0098331774794500,49.9956145476173000,23.4375543722213000,23.4357997040702000,47.5512837407351000,17.7372636746840000,0.0430213452166774,3.6001134387088600,63.4542459834303000,3:28:24 AM,11:14:35 PM,7:42:13 AM,507.6339678674420000,511.6001134387090000,-52.0999716403228000,85.7213733664798000,4.2786266335202000,0.1797767848595690,4.4584034183797700,#REF!
-64.0,29.0,-7,7/1/18,12:00:00 AM,2458300.7916666700000000,0.1849634953228340,99.2946924425532000,7016.0392746825700000,0.0167008543549507,0.1294918050379390,99.4241842475912000,7016.1687664876100000,1.0166632997515800,99.4146916540843000,23.4368858125706000,23.4353346441647000,100.2439307032510000,23.1012194897480000,0.0430195892484290,-3.8320280049484400,33.0152812878469000,3:07:50 AM,12:55:46 AM,5:19:54 AM,264.1222503027750000,532.1679719950520000,-46.9580070012371000,94.4412441466072000,-4.4412441466072200,0.0742887003366094,-4.3669554462706100,#REF!
36.0,-105.0,3,3/20/07,12:00:00 AM,2454179.3750000000000000,0.0721252566735113,357.0312260100140000,2953.9698513693400000,0.0167056014114851,1.8502372387394200,358.8814632487530000,2955.8200886080700000,0.9956474238365550,358.8769668385840000,23.4383531815888000,23.4408320858091000,-1.0303716453311500,-0.4467205695990470,0.0430403489112931,-7.7485698814850500,90.7050893759020000,10:07:45 PM,4:04:56 PM,4:10:34 AM,725.6407150072160000,832.2514301185150000,28.0628575296287000,44.8221697950872000,45.1778302049128000,0.0160199547409774,45.1938501596537000,221.8633890612040000
79.0,-118.0,2,10/30/11,12:00:00 AM,2455864.4166666700000000,0.1182591832078440,217.8880991897240000,4614.7473914039800000,0.0167036609667863,-1.7533657608770400,216.1347334288470000,4612.9940256431000000,0.9932410706946370,216.1336876441170000,23.4377532475237000,23.4371474044676000,-146.1827814061300000,-13.5643638672874000,0.0430264340686139,16.3245787458005000,#NUM!,9:35:41 PM,#NUM!,#NUM!,#NUM!,864.3245787458000000,36.0811446864501000,94.6070188547787000,-4.6070188547786700,0.0716046259349405,-4.5354142288437300,215.0547657699000000
-89.0,144.0,-8,6/17/06,12:00:00 AM,2453903.8333333300000000,0.0645813369838053,85.4443093322125000,2682.3959072344000000,0.0167059186659033,0.5676613060404230,86.0119706382529000,2682.9635685404400000,1.0159495298368100,86.0062697167670000,23.4384512840935000,23.4410112774113000,85.6483420367899000,23.3806986910964000,0.0430410256731434,-0.8382088945377340,#NUM!,###############################################################################################################################################################################################################################################################,#NUM!,#NUM!,#NUM!,1055.1617911054600000,83.7904477763656000,113.2688134729320000,-23.2688134729320000,0.0134178892033977,-23.2553955837286000,276.6380373001800000
20.0,-86.0,5,6/11/17,12:00:00 AM,2457915.2916666700000000,0.1744090805384400,79.3276339491977000,6636.0903666606300000,0.0167012985114540,0.7611105766991630,80.0887445258968000,6636.8514772373200000,1.0153139135557600,80.0805009647197000,23.4370230640461000,23.4348589760730000,79.2088145220141000,23.0641045097331000,0.0430177932660341,0.4401490060248560,99.8920383621015000,10:43:34 PM,4:04:00 PM,5:23:08 AM,799.1363068968120000,796.4401490060250000,19.1100372515062000,18.0244250435141000,71.9755749564859000,0.0052507804171535,71.9808257369030000,283.2262391893640000
-61.0,101.0,-2,9/12/16,12:00:00 AM,2457643.5833333300000000,0.1669701117955780,171.5190316948900000,6368.2945571709300000,0.0167016115451388,-1.7642544762302500,169.7547772186600000,6366.5303026947000000,1.0064164041330100,169.7476178234730000,23.4371198017242000,23.4346837599356000,170.5774694537120000,4.0590774154230600,0.0430171317118146,3.7146054388589900,84.3784002345214000,3:12:17 AM,###############################################################################################################################################################################################################################################################,8:49:48 AM,675.0272018761710000,527.7146054388590000,-48.0713486402852000,74.8569725413707000,15.1430274586293000,0.0586707050103980,15.2016981636397000,#REF!
75.0,-61.0,3,4/6/02,12:00:00 AM,2452370.3750000000000000,0.0225975359342916,13.9951500504137000,1171.0189424501600000,0.0167076840026828,1.9131909381228700,15.9083409885366000,1172.9321333882800000,1.0005770131046100,15.8979255684340000,23.4389972489097000,23.4393830061482000,14.6447960311830000,6.2554408720659300,0.0430348763115739,-2.6192745981510200,117.7485398003560000,7:06:37 PM,11:15:38 AM,2:57:37 AM,941.9883184028460000,1013.3807254018500000,73.3451813504622000,79.6893141503744000,10.3106858496256000,0.0856029428226719,10.3962887924483000,255.4607199359970000
-20.0,35.0,1,8/7/13,12:00:00 AM,2456511.4583333300000000,0.1359742185717590,135.6430112218590000,5252.4718396664400000,0.0167029157092191,-1.0097568762784500,134.6332543455800000,5251.4620827901600000,1.0141712827335000,134.6307657255620000,23.4375228779464000,23.4356218440298000,137.0953102499770000,16.4414785668590000,0.0430206736500463,-5.8175312587396900,84.7628694046826000,10:45:49 AM,5:06:46 AM,4:24:52 PM,678.1029552374610000,74.1824687412603000,-161.4543828146850000,162.0395751998530000,-72.0395751998528000,0.0018703814408931,-72.0377048184119000,#REF!
46.0,-8.0,-13,6/3/03,12:00:00 AM,2452794.0416666700000000,0.0341968971024370,71.5810818395989000,1588.5849283728400000,0.0167071963168700,0.9803744300905020,72.5614562696894000,1589.5653028029300000,1.0143334239115100,72.5516733755010000,23.4388464087902000,23.4401687895777000,71.0896425114736000,22.3019684536284000,0.0430378438574950,1.9219503509604600,116.5746843739430000,###############################################################################################################################################################################################################################################################,###############################################################################################################################################################################################################################################################,7:16:23 AM,932.5974749915450000,749.9219503509610000,7.4804875877401300,24.4660844955785000,65.5339155044215000,0.0073415499610822,65.5412570543826000,196.9078624233890000
-28.0,-40.0,-8,12/24/13,12:00:00 AM,2456650.8333333300000000,0.1397900981063240,273.0176123638070000,5389.8398787701000000,0.0167027551677668,-0.3447009522083030,272.6729114115980000,5389.4951778178900000,0.9835690680038240,272.6699402996400000,23.4374732555501000,23.4353677262225000,-87.0904083220910000,-23.4084096821959000,0.0430197141580296,0.4128571018503240,104.3666447279710000,6:39:35 AM,###############################################################################################################################################################################################################################################################,1:37:03 PM,834.9331578237700000,320.4128571018500000,-99.8967857245374000,87.2919190749145000,2.7080809250855100,0.2428345592524350,2.9509154843379500,#REF!
1.0,113.0,10,10/11/17,12:00:00 AM,2458037.0833333300000000,0.1777435546429430,199.3712690455410000,6756.1282674588500000,0.0167011581913894,-1.9067753075041200,197.4644937380370000,6754.2214921513500000,0.9984945293156400,197.4558124609960000,23.4369797019529000,23.4349829238516000,-163.9064799187430000,-6.8517395529093000,0.0430182612523724,13.0806837502664000,90.7189380879202000,2:14:55 PM,8:12:03 AM,8:17:48 PM,725.7515047033620000,1305.0806837502700000,146.2701709375670000,145.8613409731780000,-55.8613409731775000,0.0039122640876593,-55.8574287090898000,259.2297675578350000
12.0,-176.0,11,7/11/12,12:00:00 AM,2456119.0416666700000000,0.1252304357745790,108.8585587862130000,4865.7058628772700000,0.0167033677011781,-0.1864245309397870,108.6721342552730000,4865.5194383463300000,1.0166243347705900,108.6706967063420000,23.4376625920714000,23.4364935066329000,110.2185100038430000,22.1356907905934000,0.0430239649411262,-5.4403141531004400,95.8837296417211000,10:49:26 AM,4:25:54 AM,5:12:59 PM,767.0698371337690000,70.5596858468996000,-162.3600785382750000,141.7306808323920000,-51.7306808323922000,0.0045518567199888,-51.7261289756722000,#REF!
-52.0,38.0,1,1/18/07,12:00:00 AM,2454118.4583333300000000,0.0704574492356876,296.9888742480590000,2893.9303675776300000,0.0167056715512357,0.4703768318726290,297.4592510799320000,2894.4007444095100000,0.9838032363132050,297.4544923261060000,23.4383748700609000,23.4408858172324000,-60.4773989371384000,-20.6709847788508000,0.0430405518408315,-10.1540948431312000,120.5405206141610000,10:38:09 AM,2:36:00 AM,6:40:19 PM,964.3241649132860000,81.8459051568688000,-159.5385237107830000,105.1599950741360000,-15.1599950741358000,0.0212958844362922,-15.1386991896995000,#REF!
-10.0,156.0,-11,4/6/12,12:00:00 AM,2456023.9583333300000000,0.1226271959844900,15.1399220952644000,4771.9917028560800000,0.0167034772153201,1.9111793492604500,17.0511014445249000,4773.9028822053400000,1.0008599193951500,17.0498390679327000,23.4376964450809000,23.4367317515449000,15.7155810271291000,6.6969353758488200,0.0430248645484084,-2.2903305273892800,89.6653719965923000,###############################################################################################################################################################################################################################################################,###############################################################################################################################################################################################################################################################,###############################################################################################################################################################################################################################################################,717.3229759727390000,1281.7096694726100000,140.4274173681530000,140.7306277743230000,-50.7306277743231000,0.0047175418325438,-50.7259102324905000,268.3621043185870000
-1.0,119.0,7,5/9/09,12:00:00 AM,2454960.2083333300000000,0.0935033082363720,46.6575408120107000,3723.5594041387500000,0.0167047022937102,1.5767299864030700,48.2342707984137000,3725.1361341251500000,1.0094265050287800,48.2325346240343000,23.4380751774858000,23.4395138110499000,45.7720535720317000,17.2586940553317000,0.0430353702943942,3.5323017339198300,90.5616791557271000,11:00:28 AM,4:58:13 AM,5:02:43 PM,724.4934332458170000,59.5323017339198000,-165.1169245665200000,158.1212852948170000,-68.1212852948165000,0.0023170355521360,-68.1189682592644000,#REF!
76.0,-114.0,7,7/14/06,12:00:00 AM,2453930.2083333300000000,0.0653034451289114,111.4407584849820000,2708.3911146504800000,0.0167058882987599,-0.2737033701803470,111.1670551148020000,2708.1174112803000000,1.0165338853855100,111.1614707031190000,23.4384418936681000,23.4410012690150000,112.8759591065440000,21.7760256450695000,0.0430409878737824,-5.7593410515743400,#NUM!,2:41:46 AM,#NUM!,#NUM!,#NUM!,558.2406589484260000,-40.4398352628936000,57.9307069619902000,32.0692930380098000,0.0256794429927169,32.0949724810025000,#REF!
59.0,-92.0,-10,5/29/06,12:00:00 AM,2453884.9166666700000000,0.0640634268765643,66.7991467485972000,2663.7516352483700000,0.0167059404457320,1.1131085884384100,67.9122553370356000,2664.8647438368100000,1.0135693614699000,67.9064708524144000,23.4384580190906000,23.4410175189192000,66.1334389359061000,21.6289587135454000,0.0430410492458606,2.6354022398455400,133.6517456666880000,8:05:22 AM,###############################################################################################################################################################################################################################################################,4:59:58 PM,1069.2139653335000000,234.6354022398460000,-121.3411494400390000,86.1628469845016000,3.8371530154983900,0.1945997678184420,4.0317527833168300,#REF!
-80.0,102.0,-1,11/3/15,12:00:00 AM,2457329.5416666700000000,0.1583721195528130,221.9846911148590000,6058.7750024605600000,0.0167019733333554,-1.6943510697046100,220.2903400451540000,6057.0806513908600000,0.9921780582843230,220.2845438334860000,23.4372316115629000,23.4346722436141000,-142.1283950030030000,-14.9009329099429000,0.0430170882304472,16.4769864143447000,#NUM!,3:55:31 AM,#NUM!,#NUM!,#NUM!,484.4769864143450000,-58.8807533964138000,70.1250193295268000,19.8749806704732000,0.0442363671013931,19.9192170375746000,#REF!
40.0,107.0,-1,7/28/17,12:00:00 AM,2457962.5416666700000000,0.1757027150353600,125.8994718542840000,6682.6599799025100000,0.0167012440735561,-0.7233609632760490,125.1761108910080000,6681.9366189392300000,1.0154535280202800,125.1676933633850000,23.4370062413932000,23.4349039195701000,127.5214610838000000,18.9724441888982000,0.0430179629576850,-6.5198265670231900,107.9713969996290000,3:58:31 AM,###############################################################################################################################################################################################################################################################,11:10:24 AM,863.7711759970350000,481.4801734329770000,-59.6299566417558000,54.8837194418926000,35.1162805581074000,0.0228936803631198,35.1391742384705000,#REF!
54.0,-95.0,-3,3/14/01,12:00:00 AM,2451982.6250000000000000,0.0119815195071869,351.8103860354150000,788.8524332677710000,0.0167081303146758,1.7989323040431400,353.6093183394590000,790.6513655718140000,0.9942182012797840,353.5989504843510000,23.4391353014119000,23.4386089003890000,-5.8767391761812100,-2.5416617136346600,0.0430319529751899,-9.2729779975124900,87.9174775726518000,3:29:16 PM,9:37:36 AM,9:20:57 PM,703.3398205812140000,1230.7270220024900000,127.6817555006220000,113.2548434212800000,-23.2548434212797000,0.0134269091344876,-23.2414165121452000,300.6212890233300000
9.0,70.0,-2,9/1/07,12:00:00 AM,2454344.5833333300000000,0.0766484143280900,159.8683838413380000,3116.7992311426900000,0.0167054111862470,-1.5834817942996300,158.2849020470380000,3115.2157493483900000,1.0093412045983200,158.2810957378700000,23.4382943616204000,23.4406471991987000,159.9247948107580000,8.4650901009531800,0.0430396506468593,-0.2526164574223980,92.2037657817699000,5:20:15 AM,###############################################################################################################################################################################################################################################################,11:29:04 AM,737.6301262541600000,399.7473835425780000,-80.0631541143556000,78.9532748055330000,11.0467251944670000,0.0801384063838865,11.1268636008509000,#REF!
30.0,140.0,11,10/31/02,12:00:00 AM,2452578.0416666700000000,0.0282831394022317,218.6812519320870000,1375.6952675770700000,0.0167074449603171,-1.7407057190029000,216.9405462130840000,1373.9545618580700000,0.9929860340167470,216.9303549565750000,23.4389233123328000,23.4397847380316000,-145.4089668230690000,-13.8279218816511000,0.0430363934559855,16.3670235902568000,82.8295799255824000,1:23:38 PM,7:52:19 AM,6:54:57 PM,662.6366394046590000,1356.3670235902600000,159.0917558975640000,154.8309851790480000,-64.8309851790478000,0.0027113455464016,-64.8282738335014000,305.4316429098830000
76.0,-17.0,-10,8/15/08,12:00:00 AM,2454693.9166666700000000,0.0862126397444630,144.1878621306930000,3461.1022626521800000,0.0167050089375502,-1.2388377765919900,142.9490243541010000,3459.8634248755900000,1.0127072352256000,142.9465145893420000,23.4381699866797000,23.4400811732389000,145.2891923876400000,13.8683826989365000,0.0430375129650253,-4.4155688805626000,#NUM!,3:12:25 AM,#NUM!,#NUM!,#NUM!,527.5844311194370000,-48.1038922201407000,67.0819492639547000,22.9180507360453000,0.0379170221279794,22.9559677581733000,#REF!
76.0,-147.0,3,8/10/15,12:00:00 AM,2457244.3750000000000000,0.1560403832991100,138.0403907187360000,5974.8347119131600000,0.0167020714454395,-1.0747591340044000,136.9656315847320000,5973.7599527791600000,1.0137993239323100,136.9602114665600000,23.4372619338829000,23.4347060175280000,139.4104432940240000,15.7496883606643000,0.0430172157483131,-5.5004685857160900,#NUM!,12:53:30 AM,#NUM!,#NUM!,#NUM!,666.4995314142840000,-13.3751171464290000,60.6662309844123000,29.3337690155877000,0.0286103397861274,29.3623793553738000,#REF!
24.0,-65.0,-6,8/10/18,12:00:00 AM,2458340.7500000000000000,0.1860574948665300,138.6795183323370000,7055.4222192109300000,0.0167008083150648,-1.0905874564834900,137.5889308758540000,7054.3316317544500000,1.0137023859558600,137.5793339377010000,23.4368715860086000,23.4353966677960000,140.0232620882540000,15.5622963145236000,0.0430198234343549,-5.4118338928779000,98.0775812633054000,10:25:25 AM,3:53:06 AM,4:57:43 PM,784.6206501064430000,94.5881661071221000,-156.3529584732190000,134.1898151578290000,-44.1898151578286000,0.0059355318541100,-44.1838796259745000,#REF!
-6.0,120.0,-8,7/18/16,12:00:00 AM,2457587.8333333300000000,0.1654437599817520,116.5691912118950000,6313.3473415427600000,0.0167016757726751,-0.4330208680299480,116.1361703438650000,6312.9143206747200000,1.0162660837465000,116.1292471594880000,23.4371396506770000,23.4346663117355000,118.1301740149520000,20.9196879555372000,0.0430170658338781,-6.2688228101270300,88.5945638549412000,###############################################################################################################################################################################################################################################################,###############################################################################################################################################################################################################################################################,2:00:39 AM,708.7565108395300000,953.7311771898730000,58.4327942974683000,63.3211812749666000,26.6788187250334000,0.0319656691723709,26.7107843942058000,297.0402276117710000
3.0,98.0,7,4/11/01,12:00:00 AM,2452010.2083333300000000,0.0127367100159750,18.9978257257594000,816.0385743692990000,0.0167080985663673,1.8994599138962000,20.8972856396556000,817.9380342831950000,1.0020339728749300,20.8868942504350000,23.4391254807857000,23.4386631113612000,19.2958419560707000,8.1528072398121500,0.0430321576942431,-1.2173328622676900,91.2729124092267000,12:29:13 PM,6:24:08 AM,6:34:19 PM,730.1832992738140000,1410.7826671377300000,172.6956667844330000,166.6785458722400000,-76.6785458722402000,0.0013662516844983,-76.6771796205557000,326.8925589236320000
-30.0,-110.0,6,1/6/13,12:00:00 AM,2456298.2500000000000000,0.1301368925393570,285.4947798356980000,5042.3336465056200000,0.0167031612897064,0.0795952688371578,285.5743751045350000,5042.4132417744600000,0.9833121668007230,285.5725194635170000,23.4375987876054000,23.4360702127802000,-73.1040640986764000,-22.5274271580631000,0.0430223666184344,-5.6052194342515800,104.9303131419500000,1:25:36 AM,6:25:53 PM,8:25:20 AM,839.4425051356010000,634.3947805657480000,-21.4013048585629000,20.5527993100561000,69.4472006899439000,0.0060500158015427,69.4532507057454000,#REF!
33.0,4.0,3,2/9/06,12:00:00 AM,2453775.3750000000000000,0.0610643394934976,318.8296920569750000,2555.7873377789300000,0.0167060665659150,1.1386839550079600,319.9683760119830000,2556.9260217339400000,0.9865465678368810,319.9621090030920000,23.4384970197665000,23.4410382995874000,-37.6280258378771000,-14.8272578083856000,0.0430411277296413,-14.2226237698404000,81.1423745072353000,2:58:13 PM,9:33:39 AM,8:22:48 PM,649.1389960578820000,1261.7773762301600000,135.4443440575400000,135.8145560718890000,-45.8145560718890000,0.0056082284074386,-45.8089478434815000,283.3176474274300000
58.0,-105.0,5,4/21/07,12:00:00 AM,2454211.2916666700000000,0.0729990873830667,28.4898042935538000,2985.4269270080800000,0.0167055646621963,1.8348314358289800,30.3246357293828000,2987.2617584439000000,1.0047024210371300,30.3202753137057000,23.4383418181348000,23.4408007902819000,28.2163485989671000,11.5851067889158000,0.0430402307165075,1.0826993857987100,110.8592244442930000,11:58:55 PM,4:35:29 PM,7:22:21 AM,886.8737955543460000,721.0826993857990000,0.2706748464496800,46.4153514186524000,43.5846485813476000,0.0169340761723840,43.6015826575200000,180.3660646342070000
48.0,130.0,-11,7/21/04,12:00:00 AM,2453207.9583333300000000,0.0455293178188498,119.5569519418380000,1996.5413115115600000,0.0167067198214280,-0.5343469152031810,119.0226050266350000,1996.0069645963600000,1.0160384339063500,119.0140396763960000,23.4386990399818000,23.4407440816647000,121.1537674882570000,20.3575068656251000,0.0430400165437664,-6.4193313024442700,115.8024774987210000,###############################################################################################################################################################################################################################################################,###############################################################################################################################################################################################################################################################,12:09:38 AM,926.4198199897720000,1173.5806686975600000,113.3951671743890000,89.4599273301557000,0.5400726698443490,0.4120387804855350,0.9521114503298840,300.6270585250330000
83.0,177.0,-4,4/30/09,12:00:00 AM,2454951.6666666700000000,0.0932694501482960,38.2384695970582000,3715.1407350720900000,0.0167047121299367,1.7173751764674000,39.9558447735256000,3716.8581102485600000,1.0073241428571600,39.9540872703529000,23.4380782186194000,23.4395335237201000,37.5460756766834000,14.7999231539902000,0.0430354447392744,2.7625328422352900,#NUM!,###############################################################################################################################################################################################################################################################,#NUM!,#NUM!,#NUM!,950.7625328422350000,57.6906332105588000,71.5475584075764000,18.4524415924236000,0.0478498140025302,18.5002914064261000,239.4767730425110000
21.0,-95.0,8,12/26/09,12:00:00 AM,2455191.1666666700000000,0.0998266027834774,274.3010127403000000,3951.1920023505800000,0.0167044363264889,-0.2992735942474330,274.0017391460530000,3950.8927287563300000,0.9835002680709190,274.0004822785440000,23.4379929481985000,23.4389503572686000,-85.6410571083918000,-23.3784397546684000,0.0430332424411980,-0.2415071921656040,81.4324013003816000,2:20:14 AM,8:54:31 PM,7:45:58 AM,651.4592104030530000,579.7584928078340000,-35.0603767980414000,55.9965910802744000,34.0034089197256000,0.0238606490121940,34.0272695687378000,#REF!
-53.0,-83.0,-12,7/28/06,12:00:00 AM,2453945.0000000000000000,0.0657084188911704,126.0201257033460000,2722.9697854760200000,0.0167058712681556,-0.7329488683363170,125.2871768350100000,2722.2368366076800000,1.0154238503452200,125.2816577415030000,23.4384366273157000,23.4409949904609000,127.6396409602450000,18.9496256690283000,0.0430409641611682,-6.4980118336999900,64.5265869578982000,5:38:30 AM,1:20:23 AM,9:56:36 AM,516.2126956631850000,381.5019881663000000,-84.6245029584250000,101.8893467156660000,-11.8893467156656000,0.0274058659523163,-11.8619408497132000,#REF!
-66.0,174.0,-3,6/6/07,12:00:00 AM,2454257.6250000000000000,0.0742676249144422,74.1581320379601000,3031.0930733661000000,0.0167055113130148,0.9086974384079200,75.0668294763680000,3032.0017708045100000,1.0146889438115500,75.0626643933901000,23.4383253218411000,23.4407515564217000,73.7869237496512000,22.6039018795537000,0.0430400447738202,1.4657592224352600,26.3115622976712000,###############################################################################################################################################################################################################################################################,###############################################################################################################################################################################################################################################################,###############################################################################################################################################################################################################################################################,210.4924983813700000,877.4657592224350000,39.3664398056088000,93.4876419472293000,-3.4876419472292900,0.0946737757304617,-3.3929681714988300,324.0809517780760000
-56.0,-132.0,-7,4/27/18,12:00:00 AM,2458235.7916666700000000,0.1831838923111980,35.2276138332309000,6951.9752564711600000,0.0167009292471308,1.7606979852692100,36.9883118185001000,6953.7359544564300000,1.0064882100565200,36.9789999739338000,23.4369089548410000,23.4352383150749000,34.6392928590264000,13.8412627713792000,0.0430192255349253,2.3183038423591600,70.2139776948016000,1:45:41 PM,9:04:50 AM,6:26:32 PM,561.7118215584120000,1334.3183038423600000,153.5795759605900000,133.2024462183420000,-43.2024462183422000,0.0061439002380412,-43.1963023181042000,216.3480217919540000
-69.0,111.0,-8,8/1/11,12:00:00 AM,2455774.8333333300000000,0.1158065252110470,129.5905230012530000,4526.4540329213400000,0.0167037641419068,-0.8370132746793930,128.7535097265740000,4525.6170196466600000,1.0150099325950600,128.7525415850750000,23.4377851423404000,23.4373870723290000,131.1805987743100000,18.0704044659842000,0.0430273390770609,-6.3619636301163600,36.1657721423548000,###############################################################################################################################################################################################################################################################,###############################################################################################################################################################################################################################################################,###############################################################################################################################################################################################################################################################,289.3261771388390000,917.6380363698840000,49.4095090924709000,93.8940967039632000,-3.8940967039632300,0.0847661174597147,-3.8093305865035100,313.6479632746170000
29.0,-89.0,3,9/5/15,12:00:00 AM,2457270.3750000000000000,0.1567522245037650,163.6672221505190000,6000.4603192037900000,0.0167020414935599,-1.6479292128632400,162.0192929376550000,5998.8123899909200000,1.0084441118496700,162.0137580740880000,23.4372526769710000,23.4346940256115000,163.4125317645180000,7.0540914202948600,0.0430171704712276,0.9811278942994410,94.8956227766354000,8:55:01 PM,2:35:26 PM,3:14:36 AM,759.1649822130830000,904.9811278942990000,46.2452819735749000,48.7136826863112000,41.2863173136888000,0.0183506888485143,41.3046680025373000,252.5497655091400000
-84.0,-28.0,8,7/17/05,12:00:00 AM,2453568.1666666700000000,0.0553912845083234,114.5953451024710000,2351.5627461712500000,0.0167063051278329,-0.3760256596528970,114.2193194428180000,2351.1867205116000000,1.0163792424348500,114.2121598238890000,23.4385707931982000,23.4410067962733000,116.1105223254010000,21.2729291297130000,0.0430410087489358,-6.0863289014308600,#NUM!,9:58:05 PM,#NUM!,#NUM!,#NUM!,841.9136710985690000,30.4784177746423000,106.0738934104220000,-16.0738934104217000,0.0200248747322418,-16.0538685356895000,330.5355392458640000
-62.0,73.0,-6,2/9/09,12:00:00 AM,2454871.7500000000000000,0.0910814510609172,319.4688179417840000,3636.3748459530600000,0.0167048041579600,1.1545819999957000,320.6233999417800000,3637.5294279530600000,0.9866512190174660,320.6214311965040000,23.4381066717622000,23.4397134255264000,-36.9816230793412000,-14.6178364642420000,0.0430361241414942,-14.2349263987448000,121.5014819927250000,1:22:14 AM,###############################################################################################################################################################################################################################################################,9:28:14 AM,972.0118559417970000,637.7650736012550000,-20.5587315996862000,49.5959641878218000,40.4040358121782000,0.0189289480877243,40.4229647602659000,#REF!
-36.0,-114.0,12,3/3/04,12:00:00 AM,2453067.0000000000000000,0.0416700889801506,340.6217426964960000,1857.6127385183300000,0.0167068820944681,1.6347291021709700,342.2564717986670000,1859.2474676205000000,0.9912538659283930,342.2474347635360000,23.4387492260809000,23.4405768881931000,-16.3691357005541000,-6.9666326114576100,0.0430393851036873,-12.0725999303797000,96.1356337799127000,7:48:04 AM,1:23:32 AM,2:12:37 PM,769.0850702393010000,251.9274000696200000,-117.0181499825950000,107.0680770112590000,-17.0680770112588000,0.0187929284631666,-17.0492840827956000,#REF!
-4.0,-45.0,9,1/25/17,12:00:00 AM,2457778.1250000000000000,0.1706536618754280,304.1296706539150000,6500.8988615500300000,0.0167014565421732,0.6962530706835680,304.8259237245990000,6501.5951146207100000,0.9844346499056090,304.8182115384990000,23.4370719001798000,23.4347522697273000,-52.8373050260709000,-19.0566315984661000,0.0430173903799235,-12.1746245943212000,92.2679950784736000,12:12:10 AM,6:03:06 PM,6:21:15 AM,738.1439606277890000,707.8253754056790000,-3.0436561485802800,15.3472550903121000,74.6527449096879000,0.0044290085018497,74.6571739181897000,#REF!
-56.0,63.0,7,8/29/08,12:00:00 AM,2454707.2083333300000000,0.0865765457449278,157.2887583122470000,3474.2025330540800000,0.0167049936320669,-1.5336999438900400,155.7550583683570000,3472.6688331101900000,1.0099530471325100,155.7525921999230000,23.4381652543792000,23.4400553742156000,157.5474712656010000,9.4021622881911000,0.0430374155325182,-1.0540610849096100,77.3413849146893000,2:49:03 PM,9:39:41 AM,7:58:25 PM,618.7310793175150000,1270.9459389150900000,137.7364847287730000,122.9366064766670000,-32.9366064766666000,0.0089065794771014,-32.9276998971895000,232.2391105148500000
-48.0,-43.0,-7,4/28/06,12:00:00 AM,2453853.7916666700000000,0.0632112708190694,36.1208726305999000,2633.0748264963600000,0.0167059762815579,1.7466258701392400,37.8674985007392000,2634.8214523665000000,1.0067825283350700,37.8615765982751000,23.4384691006825000,23.4410260861451000,35.4981098993366000,14.1319096908693000,0.0430410816022834,2.4687599641281400,75.0948678114155000,7:49:32 AM,2:49:09 AM,12:49:55 PM,600.7589424913240000,250.4687599641280000,-117.3828100089680000,118.6778442335210000,-28.6778442335205000,0.0105488025082494,-28.6672954310123000,#REF!
28.0,169.0,4,7/7/00,12:00:00 AM,2451732.3333333300000000,0.0051289071412317,105.1110654789020000,542.1648961058980000,0.0167084183927976,-0.0708475703143119,105.0402179085880000,542.0940485355830000,1.0166979163503000,105.0301999976440000,23.4392244139436000,23.4381376544230000,106.3127322584870000,22.5910478212949000,0.0430301734124908,-4.8437536963226600,103.8313969906350000,4:48:51 AM,###############################################################################################################################################################################################################################################################,11:44:10 AM,830.6511759250840000,431.1562463036770000,-72.2109384240807000,64.5703590691501000,25.4296409308499000,0.0337631780886002,25.4634041089385000,#REF!
-41.0,-158.0,5,10/14/11,12:00:00 AM,2455848.2916666700000000,0.1178177047684190,201.9945354754750000,4598.8545868771800000,0.0167036795384205,-1.8970426326010500,200.0974928428730000,4596.9575442445800000,0.9977032711094020,200.0964634004060000,23.4377589885907000,23.4371902793658000,-161.4435161714180000,-7.8549305717464800,0.0430265959675163,13.7577303247275000,98.0115210399403000,3:18:15 AM,8:46:12 PM,9:50:17 AM,784.0921683195230000,521.7577303247280000,-49.5605674188181000,54.9280197094138000,35.0719802905862000,0.0229311571830523,35.0949114477692000,#REF!
47.0,-112.0,2,4/16/12,12:00:00 AM,2456033.4166666700000000,0.1228861510380980,24.4625033957882000,4781.3138388439800000,0.0167034663215713,1.8688883581830300,26.3313917539712000,4783.1827272021700000,1.0035448639433000,26.3301134625642000,23.4376930775817000,23.4367076924945000,24.4207518328283000,10.1608759432509000,0.0430247737015276,0.1709371494343810,102.3480828183700000,9:27:50 PM,2:38:26 PM,4:17:13 AM,818.7846625469640000,872.1709371494340000,38.0427342873586000,48.8749295565687000,41.1250704434313000,0.0184548574641685,41.1435253008954000,233.6355272862280000
-53.0,-58.0,-6,5/28/16,12:00:00 AM,2457536.7500000000000000,0.1640451745379880,66.2190384236301000,6262.9995938886500000,0.0167017346233971,1.1328384422490600,67.3518768658791000,6264.1324323309000000,1.0134385983213200,67.3451730089941000,23.4371578381334000,23.4346560855318000,65.5389137593479000,21.5317647662020000,0.0430170272235486,2.6891447739800000,60.1574959051458000,9:49:19 AM,5:48:41 AM,1:49:56 PM,481.2599672411660000,130.6891447739800000,-147.3277138065050000,139.8492882048330000,-49.8492882048328000,0.0048675259535828,-49.8444206788792000,#REF!
-52.0,26.0,-12,6/3/18,12:00:00 AM,2458273.0000000000000000,0.1842026009582480,71.9019094729720000,6988.6478002296300000,0.0167008863762567,0.9782384328700910,72.8801479058421000,6989.6260386625000000,1.0143372597344800,72.8707309520699000,23.4368957073746000,23.4352927468641000,71.4323567904706000,22.3381203459768000,0.0430194310549514,1.8360987870938800,59.9730139003769000,###############################################################################################################################################################################################################################################################,###############################################################################################################################################################################################################################################################,2:14:03 AM,479.7841112030150000,825.8360987870940000,26.4590246967735000,77.8594367250812000,12.1405632749188000,0.0731206950915311,12.2136839700104000,335.0675248571420000
-65.0,128.0,-4,4/3/01,12:00:00 AM,2452002.6666666700000000,0.0125302304357703,11.5644018826328000,808.6055055784530000,0.0167081072468104,1.9146591395609300,13.4790610221937000,810.5201647180140000,0.9998735216045800,13.4686757646609000,23.4391281658814000,23.4386482577239000,12.3931312255856000,5.3158111598422800,0.0430321016018086,-3.3335182547107400,80.5034524891548000,###############################################################################################################################################################################################################################################################,###############################################################################################################################################################################################################################################################,4:53:21 AM,644.0276199132380000,748.6664817452890000,7.1666204363223200,70.5157359106534000,19.4842640893466000,0.0451799120287498,19.5294440013754000,352.4284374646190000
-36.0,80.0,-8,11/25/15,12:00:00 AM,2457351.8333333300000000,0.1589824321241200,243.9564135775530000,6080.7456753778800000,0.0167019476531059,-1.2308382187578500,242.7255753587950000,6079.5148371591200000,0.9871818237115650,242.7196807217280000,23.4372236749480000,23.4346660219957000,-119.3388626444310000,-20.6996087611384000,0.0430170647399286,13.1622380894263000,107.0821182811110000,###############################################################################################################################################################################################################################################################,###############################################################################################################################################################################################################################################################,5:35:10 AM,856.6569462488850000,813.1622380894260000,23.2905595223566000,25.4599760334552000,64.5400239665448000,0.0076819229864782,64.5477058895313000,300.6382417488090000
6.0,-50.0,-9,4/22/16,12:00:00 AM,2457500.8750000000000000,0.1630629705681040,30.8589392803233000,6227.6411838311600000,0.0167017759530125,1.8121024693873600,32.6710417497106000,6229.4532863005400000,1.0053139558590700,32.6644933027595000,23.4371706108905000,23.4346522331895000,30.4653651985788000,12.3948587036791000,0.0430170126785464,1.5529690144800800,92.1815365298810000,6:18:27 AM,12:09:43 AM,12:27:10 PM,737.4522922390480000,341.5529690144800000,-94.6117577463800000,93.1908701637342000,-3.1908701637342200,0.1034999161239160,-3.0873702476103000,#REF!
78.0,-133.0,1,6/19/17,12:00:00 AM,2457923.4583333300000000,0.1746326716860640,87.3770874145084000,6644.1394356163600000,0.0167012891024649,0.5127359581884520,87.8898233726969000,6644.6521715745400000,1.0160868418601900,87.8815493858109000,23.4370201564271000,23.4348664523185000,87.6912917580568000,23.4178935129484000,0.0430178214938177,-1.2893979932995800,#NUM!,9:53:17 PM,#NUM!,#NUM!,#NUM!,846.7106020067000000,31.6776505016751000,56.5566908908505000,33.4433091091495000,0.0243683970102711,33.4676775061598000,215.2749022545910000
14.0,177.0,7,7/10/10,12:00:00 AM,2455387.2083333300000000,0.1051939310974260,107.5289643064560000,4144.4107240782300000,0.0167042105606863,-0.1442064604476550,107.3847578460080000,4144.2665176177800000,1.0166573839304000,107.3837505403560000,23.4379231504715000,23.4384370621758000,108.8409092056860000,22.3086399528236000,0.0430313040591862,-5.2462782629243100,96.8053170073905000,7:17:15 AM,12:50:02 AM,1:44:28 PM,774.4425360591240000,282.7537217370760000,-109.3115695657310000,101.8313675479360000,-11.8313675479362000,0.0275440918747185,-11.8038234560615000,#REF!
-10.0,-131.0,-8,1/24/00,12:00:00 AM,2451567.8333333300000000,0.0006251425963994,302.9720747240220000,380.0336497661440000,0.0167086077208312,0.6690076661349530,303.6410823901570000,380.7026574322790000,0.9843369553201340,303.6314217185370000,23.4392829816525000,23.4378577182067000,-54.0575817166205000,-19.3402399517580000,0.0430291163102616,-11.9301648564682000,94.4467837372328000,12:55:56 PM,6:38:09 AM,7:13:43 PM,755.5742698978630000,1384.0698351435300000,166.0174587858830000,147.5854258541820000,-57.5854258541824000,0.0036638124784405,-57.5817620417040000,205.1711236336790000
-9.0,-156.0,-3,5/22/16,12:00:00 AM,2457530.6250000000000000,0.1638774811772760,60.1819483259524000,6256.9627921715400000,0.0167017416796902,1.2864201319124700,61.4683684578648000,6258.2492123034500000,1.0123360855852800,61.4616910601933000,23.4371600188480000,23.4346552325940000,59.3442671275232000,20.4494695029302000,0.0430170240031748,3.3192652075799400,87.5155026629546000,7:20:41 PM,1:30:37 PM,1:10:45 AM,700.1240213036360000,999.3192652075800000,69.8298163018950000,74.6658931450641000,15.3341068549359000,0.0579284909146392,15.3920353458505000,294.2189378973660000
-15.0,98.0,-9,3/27/02,12:00:00 AM,2452360.8750000000000000,0.0223374401095140,4.6315001253094600,1161.6557397755700000,0.0167076949378117,1.8997063798616100,6.5312065051710700,1163.5554461554300000,0.9978506019364660,6.5207849431736300,23.4390006312409000,23.4393641535791000,5.9867814126132400,2.5891121786861600,0.0430348051153721,-5.4363197078972600,90.1690130215285000,###############################################################################################################################################################################################################################################################,###############################################################################################################################################################################################################################################################,2:34:07 AM,721.3521041722280000,926.5636802921030000,51.6409200730257000,54.0458051299036000,35.9541948700964000,0.0221998226778031,35.9763946927742000,284.6031557456300000
87.0,-49.0,-10,10/3/00,12:00:00 AM,2451820.9166666700000000,0.0075541866301577,192.4229941424740000,629.4726543903230000,0.0167083164374264,-1.9138276349842400,190.5091665074900000,627.5588267553390000,1.0004338263189800,190.4989971485970000,23.4391928752000000,23.4382993090504000,-170.3502888416070000,-4.1564076577949500,0.0430307838631912,11.0406432676708000,#NUM!,5:04:58 AM,#NUM!,#NUM!,#NUM!,415.0406432676710000,-76.2398391830823000,93.4377616714617000,-3.4377616714617000,0.0960508216346228,-3.3417108498270800,#REF!
-11.0,-84.0,11,2/10/06,12:00:00 AM,2453776.0416666700000000,0.0610825918320742,319.4867902976070000,2556.4444046329200000,0.0167060657983589,1.1565549803337300,320.6433452779410000,2557.6009596132500000,0.9866625852062710,320.6370811927960000,23.4384967824098000,23.4410382521529000,-36.9660121779516000,-14.6136596780046000,0.0430411275504921,-14.2423664086863000,93.7835311596479000,4:50:15 AM,10:35:06 PM,11:05:23 AM,750.2682492771830000,429.7576335913140000,-72.5605916021716000,70.5603038198862000,19.4396961801138000,0.0452897793379813,19.4849859594518000,#REF!
-59.0,151.0,5,8/9/11,12:00:00 AM,2455782.2916666700000000,0.1160107232489120,136.9418095765240000,4533.8049683482900000,0.0167037555520364,-1.0467199875834000,135.8950895889410000,4532.7582483607000000,1.0139653860242000,135.8941162118430000,23.4377824869115000,23.4373669947457000,138.3533807705570000,16.0708674995492000,0.0430272632618174,-5.6487463333061000,63.2513223001958000,7:01:39 AM,2:48:39 AM,11:14:39 AM,506.0105784015670000,298.3512536666940000,-105.4121865833270000,111.6425076214720000,-21.6425076214721000,0.0145418269202335,-21.6279657945519000,#REF!
64.0,17.0,0,5/5/01,12:00:00 AM,2452034.5000000000000000,0.0134017796030116,42.9408428548677000,839.9804478767060000,0.0167080706066345,1.6410578875115700,44.5819007423793000,841.6215057642180000,1.0085569524898900,44.5714911571331000,23.4391168321073000,23.4387111032517000,42.1092980925473000,16.2096575426309000,0.0430323389283700,3.2829648501348000,129.0929214306540000,10:48:43 AM,2:12:21 AM,7:25:05 PM,1032.7433714452300000,71.2829648501348000,-162.1792587874660000,98.6179978673970000,-8.6179978673970200,0.0380714587976794,-8.5799264085993400,#REF!
2.0,-10.0,-3,8/24/11,12:00:00 AM,2455797.6250000000000000,0.1164305270362770,152.0550691287830000,4548.9175059865600000,0.0167037378923812,-1.4230993107665000,150.6319698180160000,4547.4944066757900000,1.0111337431551300,150.6309849735360000,23.4377770277056000,23.4373257808549000,152.6913924615340000,11.2486624427634000,0.0430271076336938,-2.5541397213685600,91.2478397286523000,9:42:33 AM,3:37:34 AM,3:47:33 PM,729.9827178292180000,137.4458602786310000,-145.6385349303420000,143.3536087750440000,-53.3536087750441000,0.0042924331584961,-53.3493163418856000,#REF!
-11.0,-168.0,8,1/22/08,12:00:00 AM,2454487.1666666700000000,0.0805521332420674,300.4052701305170000,3257.3294045506600000,0.0167052470078634,0.5817698408893410,300.9870399714060000,3257.9111743915500000,0.9840794022853470,300.9837945818890000,23.4382435969449000,23.4404434767374000,-56.7957356629558000,-19.9399640521104000,0.0430388812518444,-11.2139492313895000,94.9492167368169000,7:23:13 AM,1:03:25 AM,1:43:01 PM,759.5937338945350000,276.7860507686100000,-110.8034873078470000,105.2282635867200000,-15.2282635867203000,0.0211957983126541,-15.2070677884076000,#REF!
29.0,85.0,-11,12/13/07,12:00:00 AM,2454447.9583333300000000,0.0794786675792878,261.7596798322970000,3218.6856601980700000,0.0167052921549050,-0.7095831020375350,261.0500967302590000,3217.9760770960400000,0.9844760952663670,261.0467009216850000,23.4382575564890000,23.4405034249344000,-99.7438254969029000,-23.1381585944882000,0.0430391076563663,5.9809024661978000,77.3618456154723000,###############################################################################################################################################################################################################################################################,###############################################################################################################################################################################################################################################################,12:23:28 AM,618.8947649237790000,1005.9809024662000000,71.4952256165494000,86.2872185546443000,3.7127814453556900,0.1991372419673350,3.9119186873230200,240.9091904884730000
-66.0,14.0,13,5/15/03,12:00:00 AM,2452773.9583333300000000,0.0336470454026965,51.7859973452951000,1568.7907893875800000,0.0167072194357123,1.4727949888838500,53.2587923341789000,1570.2635843764600000,1.0106346774208000,53.2489643171722000,23.4388535591585000,23.4401350277863000,50.8567416502306000,18.5859559994449000,0.0430377163523175,3.6734882280446200,44.1472531654536000,12:00:20 AM,9:03:44 PM,2:56:55 AM,353.1780253236290000,719.6734882280450000,-0.0816279429888311,84.5859785168382000,5.4140214831617600,0.1505698319496810,5.5645913151114400,#REF!
-16.0,55.0,3,2/15/06,12:00:00 AM,2453781.3750000000000000,0.0612286105407255,324.7435762240510000,2561.7009394661900000,0.0167060596579077,1.2935694373833900,326.0371456614340000,2562.9945089035700000,0.9876536564275300,326.0309049740050000,23.4384948835561000,23.4410378379371000,-31.7211032498407000,-12.8425066694115000,0.0430411259860940,-14.1929448816165000,94.6393049462755000,11:34:12 AM,5:15:38 AM,5:52:45 PM,757.1144395702040000,25.8070551183835000,-173.5482362204040000,150.4602046740710000,-60.4602046740708000,0.0032698014495605,-60.4569348726213000,#REF!
-26.0,32.0,2,12/1/00,12:00:00 AM,2451879.4166666700000000,0.0091558293406300,250.0833647201990000,687.1302708671130000,0.0167082491057808,-1.0576017495542200,249.0257629706450000,686.0726691175590000,0.9860516217595900,249.0155099932360000,23.4391720471670000,23.4384094289236000,-112.6872356302890000,-21.8008962689833000,0.0430311997076903,11.0300326253727000,102.2694277315920000,11:40:58 AM,4:51:54 AM,6:30:03 PM,818.1554218527340000,19.0300326253727000,-175.2424918436570000,131.9771212150880000,-41.9771212150885000,0.0064133824295522,-41.9707078326589000,#REF!
-44.0,31.0,8,10/29/04,12:00:00 AM,2453307.1666666700000000,0.0482454939539086,217.3413838750570000,2094.3210727548900000,0.0167066056092602,-1.7593912008372900,215.5819926742190000,2092.5616815540500000,0.9933545502281360,215.5737890281370000,23.4386637183419000,23.4408411687721000,-146.7267017566200000,-13.3807861379719000,0.0430403832152334,16.2850399543524000,104.5066034796480000,5:39:43 PM,10:41:41 AM,12:37:44 AM,836.0528278371810000,1100.2850399543500000,95.0712599885881000,84.3242072784236000,5.6757927215763700,0.1450418074636900,5.8208345290400600,256.8605144513990000
52.0,60.0,-9,4/9/03,12:00:00 AM,2452738.8750000000000000,0.0326865160848734,17.2062024400602000,1534.2126461800400000,0.0167072598215560,1.9060613732249900,19.1122638132852000,1536.1187075532600000,1.0015053714875500,19.1023604011717000,23.4388660500507000,23.4400749989906000,17.6275033996352000,7.4799591590090700,0.0430374896473684,-1.7069241784680200,101.0618479394550000,###############################################################################################################################################################################################################################################################,###############################################################################################################################################################################################################################################################,5:45:57 AM,808.4947835156370000,778.2930758215320000,14.5732689553830000,46.1028554999334000,43.8971445000666000,0.0167506633309493,43.9138951633975000,200.2559078680490000
35.0,-2.0,-11,6/2/16,12:00:00 AM,2457541.9583333300000000,0.1641877709331550,71.3526184388302000,6268.1329286822600000,0.0167017286231423,0.9927707718244030,72.3453892106546000,6269.1256994540900000,1.0142615219733900,72.3386628799645000,23.4371559837843000,23.4346568738921000,70.8621162524005000,22.2691403497174000,0.0430170302001026,1.9313187562030600,107.8131432346330000,1:06:04 AM,###############################################################################################################################################################################################################################################################,8:17:19 AM,862.5051458770650000,653.9313187562030000,-16.5171703109492000,19.2420869591388000,70.7579130408612000,0.0056326248241930,70.7635456656854000,#REF!
-45.0,-87.0,3,5/20/10,12:00:00 AM,2455336.3750000000000000,0.1038021902806300,57.4252234097607000,4094.3093764684400000,0.0167042691021480,1.3499101044827800,58.7751335142435000,4095.6592865729200000,1.0118099070409000,58.7740759766721000,23.4379412489257000,23.4385723733851000,56.5448080154345000,19.8854801646059000,0.0430318150371079,3.5136406310398900,70.1325833984539000,8:44:29 PM,4:03:57 PM,1:25:01 AM,561.0606671876310000,915.5136406310400000,48.8784101577600000,78.6506301714381000,11.3493698285619000,0.0780753033507679,11.4274451319127000,313.7364569321820000
4.0,-50.0,1,8/23/07,12:00:00 AM,2454335.4583333300000000,0.0763985854437642,150.8743516682450000,3107.8056285778200000,0.0167054216931483,-1.3984823078818400,149.4758693603630000,3106.4071462699400000,1.0113718134265300,149.4720259347590000,23.4382976104409000,23.4406588722719000,151.5850079737590000,11.6577760583659000,0.0430396947325736,-2.8615283759651100,91.6794622912330000,4:22:52 PM,10:16:09 AM,10:29:35 PM,733.4356983298640000,1177.1384716240300000,114.2846179060090000,112.8120486404280000,-22.8120486404278000,0.0137182116002838,-22.7983304288275000,284.4277595388560000
-88.0,-97.0,13,11/21/10,12:00:00 AM,2455520.9583333300000000,0.1088558065252150,239.3592989660820000,4276.2347616384500000,0.0167040565271185,-1.3441578267490900,238.0151411393330000,4274.8906038117000000,0.9880736140610100,238.0142164168460000,23.4378755307680000,23.4380762998981000,-124.2426330185590000,-19.7167180850946000,0.0430299417227772,14.4224278534851000,#NUM!,7:13:35 AM,#NUM!,#NUM!,#NUM!,286.4224278534850000,-108.3943930366290000,70.9254982671051000,19.0745017328949000,0.0462080168763807,19.1207097497712000,#REF!
21.0,122.0,12,2/7/15,12:00:00 AM,2457060.0000000000000000,0.1509924709103350,316.3116582185280000,5793.1146602083600000,0.0167022838409017,1.0641488569899800,317.3758070755180000,5794.1788090653500000,0.9860965579507360,317.3711923436940000,23.4373275778512000,23.4348331907495000,-40.1827053658203000,-15.6252725953675000,0.0430176959094187,-14.0683433963981000,84.7679677833569000,4:06:04 PM,10:27:00 AM,9:45:08 PM,678.1437422668550000,1193.9316566036000000,118.4829141509000000,121.6879172305360000,-31.6879172305356000,0.0093468344463390,-31.6785703960892000,264.1407528767000000
34.0,114.0,-9,2/19/10,12:00:00 AM,2455246.8750000000000000,0.1013518138261460,329.2097845226390000,4006.0981513313300000,0.0167043721723157,1.3993342459386900,330.6091187685770000,4007.4974855772700000,0.9885651825793210,330.6079480265490000,23.4379731140730000,23.4388070673825000,-27.3303186106411000,-11.2574833589903000,0.0430327013236573,-13.8669642849401000,83.3167976316688000,###############################################################################################################################################################################################################################################################,###############################################################################################################################################################################################################################################################,1:11:08 AM,666.5343810533510000,982.1330357150600000,65.5332589287650000,76.8449340899694000,13.1550659100306000,0.0675632856997445,13.2226291957304000,246.4550443786100000
-81.0,84.0,-10,1/24/17,12:00:00 AM,2457777.9166666700000000,0.1706479580196170,303.9243274531380000,6500.6935281581500000,0.0167014567821928,0.6897329055527550,304.6140603586910000,6501.3832610637000000,0.9844127206534800,304.6063490065780000,23.4370719743538000,23.4347521354154000,-53.0549536114456000,-19.1074028580681000,0.0430173898728098,-12.1250589795952000,#NUM!,###############################################################################################################################################################################################################################################################,#NUM!,#NUM!,#NUM!,923.8749410204050000,50.9687352551012000,65.3927299398239000,24.6072700601761000,0.0350373532514166,24.6423074134276000,306.1646718942550000
-9.0,-18.0,12,4/18/13,12:00:00 AM,2456400.0000000000000000,0.1329226557152640,25.7843989546036000,5142.6184750584900000,0.0167030440917313,1.8589856193259900,27.6433845739296000,5144.4774606778200000,1.0039141168777900,27.6412439860908000,23.4375625610295000,23.4358479107505000,25.6643690446313000,10.6329565355279000,0.0430215272371676,0.4796534579365350,89.1543585701709000,1:11:31 AM,7:14:54 PM,7:08:08 AM,713.2348685613670000,648.4796534579370000,-17.8800866355159000,26.4942335541920000,63.5057664458080000,0.0080421178620369,63.5138085636701000,#REF!
61.0,-44.0,-5,9/24/00,12:00:00 AM,2451811.7083333300000000,0.0073020762035178,183.3468247001320000,620.3969184636550000,0.0167083270358670,-1.8809080779026800,181.4659166222290000,618.5160103857520000,1.0030585532647300,181.4557616247750000,23.4391961536866000,23.4382822035577000,-178.6643091566530000,-0.5789927548349120,0.0430307192680969,7.9798504387718900,90.6736768151124000,9:48:01 AM,3:45:20 AM,3:50:43 PM,725.3894145208990000,131.9798504387720000,-147.0050373903070000,114.5467879198930000,-24.5467879198928000,0.0126337595582183,-24.5341541603346000,#REF!
-1.0,41.0,6,6/20/12,12:00:00 AM,2456098.2500000000000000,0.1246611909650920,88.3653073798196000,4845.2135903750900000,0.0167033916485451,0.4788257011633950,88.8441330809830000,4845.6924160762600000,1.0161690179128200,88.8427366910585000,23.4376699946357000,23.4365448861251000,88.7387113697832000,23.4314787848318000,0.0430241589480404,-1.4959242720865800,90.4745426280792000,3:17:30 PM,9:15:36 AM,9:19:24 PM,723.7963410246340000,1242.5040757279100000,130.6260189319780000,127.1766361231840000,-37.1766361231842000,0.0076081344271455,-37.1690279887570000,299.0723870212900000
-22.0,176.0,2,8/25/13,12:00:00 AM,2456529.4166666700000000,0.1364658909422730,153.3435951051170000,5270.1715780381900000,0.0167028950238160,-1.4503317068616200,151.8932633982550000,5268.7212463313200000,1.0108609961037100,151.8907154260770000,23.4375164841488000,23.4355872563517000,153.8907748873620000,10.8003129507829000,0.0430205430540269,-2.2045580937296200,86.4963669873388000,2:18:12 AM,###############################################################################################################################################################################################################################################################,8:04:11 AM,691.9709358987110000,581.7954419062700000,-34.5511395234324000,47.1622883114065000,42.8377116885935000,0.0173810645453889,42.8550927531389000,#REF!
1.0,-100.0,4,3/14/02,12:00:00 AM,2452347.3333333300000000,0.0219666894820941,351.2841921182580000,1148.3090692965600000,0.0167077105251370,1.7925417993030400,353.0767339175610000,1150.1016110958600000,0.9940690752133150,353.0663042313100000,23.4390054525462000,23.4393372323768000,-6.3664453712031900,-2.7524024146253200,0.0430347034483128,-9.4198357885348500,90.7860040326275000,10:49:25 PM,4:46:17 PM,4:52:34 AM,726.2880322610200000,790.5801642114650000,17.6450410528663000,18.0344971599257000,71.9655028400743000,0.0052539168647199,71.9707567569391000,257.9512680032040000
-16.0,-141.0,13,3/21/12,12:00:00 AM,2456006.9583333300000000,0.1221617613506770,358.3839169379270000,4755.2364980842700000,0.0167034967952312,1.8604642126048200,360.2443811505320000,4757.0969622968700000,0.9960069837197040,360.2431465271990000,23.4377024976785000,23.4367751785010000,0.2230870358170510,0.0967080937712459,0.0430250285286880,-7.3389608447351000,90.8388394773222000,10:31:20 AM,4:27:59 AM,4:34:42 PM,726.7107158185770000,88.6610391552649000,-157.8347402111840000,152.9598232819410000,-62.9598232819412000,0.0029450600936879,-62.9568782218475000,#REF!
18.0,-103.0,-10,10/8/11,12:00:00 AM,2455842.9166666700000000,0.1176705452886110,196.6966809040850000,4593.5569853682400000,0.0167036857289542,-1.9125382929398200,194.7841426111450000,4591.6444470753000000,0.9992430205226800,194.7831183862520000,23.4377609022797000,23.4372045994750000,-166.3892613345320000,-5.8248997031478300,0.0430266500414199,12.3348842482048000,88.9811570458406000,8:39:40 AM,2:43:44 AM,2:35:35 PM,711.8492563667250000,200.3348842482050000,-129.9162789379490000,129.6780396705440000,-39.6780396705438000,0.0069554211796018,-39.6710842493642000,#REF!
57.0,129.0,11,5/8/09,12:00:00 AM,2454959.0416666700000000,0.0934713666438470,45.5076188897019000,3722.4095371440200000,0.0167047036371956,1.5979527921880500,47.1055716818900000,3724.0074899362000000,1.0091504246860600,47.1038326088092000,23.4380755928601000,23.4395165088220000,44.6384661948676000,16.9423647946575000,0.0430353804825239,3.4672119880605600,119.8013794641200000,2:20:32 PM,6:21:20 AM,10:19:44 PM,958.4110357129590000,1299.4672119880600000,144.8668029970150000,100.4680021337520000,-10.4680021337516000,0.0312294578291603,-10.4367726759225000,325.9566631417950000
-24.0,-72.0,0,3/24/05,12:00:00 AM,2453453.5000000000000000,0.0522518822724162,1.5744477013258800,2238.5472472522300000,0.0167064371417011,1.8837740982164900,3.4582217995423700,2240.4310213504400000,0.9969531817067790,3.4505892940377400,23.4386116185498000,23.4409506990357000,3.1664194717327400,1.3719587895246700,0.0430407968831301,-6.3726656585427600,90.3011105665793000,4:54:22 PM,10:53:10 AM,10:55:35 PM,722.4088845326350000,1145.6273343414600000,106.4068335853640000,105.5274946460640000,-15.5274946460642000,0.0207672441119485,-15.5067274019523000,264.4622604176550000
26.0,55.0,-3,4/22/05,12:00:00 AM,2453482.6250000000000000,0.0530492813141684,30.2814270915692000,2267.2528554445600000,0.0167064036107989,1.8167090688371900,32.0981361604064000,2269.0695645134000000,1.0052085912077800,32.0906219080858000,23.4386012490293000,23.4409674824066000,29.9126302791103000,12.2007341094294000,0.0430408602698356,1.4505877430288200,97.0079431286310000,5:18:33 AM,###############################################################################################################################################################################################################################################################,11:46:35 AM,776.0635450290480000,401.4505877430290000,-79.6373530642428000,75.4830932875369000,14.5169067124631000,0.0612290521477140,14.5781357646109000,#REF!
26.0,-5.0,0,12/25/10,12:00:00 AM,2455555.5000000000000000,0.1098015058179330,273.4052015943000000,4310.2790380044300000,0.0167040167465578,-0.3299830308795640,273.0752185634200000,4309.9490549735500000,0.9835449805160220,273.0743033783270000,23.4378632327200000,23.4379824396407000,-86.6498321173104000,-23.4022392752761000,0.0430295872847628,0.2104866685792410,78.8453165760738000,12:19:47 PM,7:04:24 AM,5:35:10 PM,630.7625326085910000,1420.2104866685800000,175.0526216671450000,174.8093568402860000,-84.8093568402856000,0.0005241610604243,-84.8088326792252000,298.9742024518930000
13.0,-146.0,-6,8/8/06,12:00:00 AM,2453955.7500000000000000,0.0660027378507871,136.6158348368650000,2733.5649884986000000,0.0167058588909580,-1.0402428744471600,135.5755919624180000,2732.5247456241500000,1.0140049013191200,135.5701203202420000,23.4384327999385000,23.4409901274340000,138.0320702556130000,16.1693469166041000,0.0430409457946706,-5.6852439409311100,94.7308146164700000,3:49:41 PM,9:30:46 AM,10:08:37 PM,757.8465169317600000,1210.3147560590700000,122.5786890147670000,116.1842416305990000,-26.1842416305989000,0.0117343341740349,-26.1725072964248000,295.5950500230030000
28.0,-117.0,12,3/8/15,12:00:00 AM,2457089.0000000000000000,0.1517864476386040,344.8954317361810000,5821.6970683414300000,0.0167022504340434,1.7017270177558100,346.5971587539370000,5823.3987953591900000,0.9923007361463760,346.5924188194390000,23.4373172528336000,23.4348083286644000,-12.3369421061765000,-5.2912530313246100,0.0430176020387505,-11.0822578182084000,88.1256659906572000,7:59:05 AM,2:06:35 AM,1:51:35 PM,705.0053279252570000,240.9177421817920000,-119.7705644545520000,118.6745689746520000,-28.6745689746522000,0.0105502349308363,-28.6640187397214000,#REF!
-12.0,115.0,-12,12/11/17,12:00:00 AM,2458099.0000000000000000,0.1794387405886380,260.3992682791450000,6817.1533514757700000,0.0167010868541421,-0.7576023134209920,259.6416659657240000,6816.3957491623500000,0.9846531977205640,259.6327763481010000,23.4369576574548000,23.4350557726956000,-101.2763506511430000,-23.0302185686736000,0.0430185363071053,6.6452444808830800,96.1140150549405000,###############################################################################################################################################################################################################################################################,###############################################################################################################################################################################################################################################################,###############################################################################################################################################################################################################################################################,768.9121204395240000,1186.6452444808800000,116.6613111202210000,108.8196240407970000,-18.8196240407965000,0.0169302538755036,-18.8026937869210000,240.3310540447130000
-75.0,107.0,-12,11/23/02,12:00:00 AM,2452602.0000000000000000,0.0289390828199863,242.2957199475550000,1399.3086076544400000,0.0167074173816680,-1.2682092393544300,241.0275107082010000,1398.0403984150900000,0.9874538421088200,241.0173561675110000,23.4389147823299000,23.4398293722533000,-121.1208199847640000,-20.3631819076529000,0.0430365620193498,13.6340458770729000,#NUM!,###############################################################################################################################################################################################################################################################,#NUM!,#NUM!,#NUM!,1161.6340458770700000,110.4085114692680000,75.4337031146936000,14.5662968853064000,0.0610198683417984,14.6273167536482000,245.2084262876800000
-54.0,132.0,-1,2/18/09,12:00:00 AM,2454880.5416666700000000,0.0913221537759483,328.1343009963880000,3645.0399150896600000,0.0167047940339772,1.3746472015522500,329.5089481979400000,3646.4145622912100000,0.9883393839986210,329.5070037066860000,23.4381035416198000,23.4396940487939000,-28.3817112227514000,-11.6450776968889000,0.0430360509646568,-13.9676748343084000,107.9937215367630000,2:25:58 AM,###############################################################################################################################################################################################################################################################,9:37:57 AM,863.9497722941040000,574.0323251656920000,-36.4919187085771000,51.2357868894398000,38.7642131105602000,0.0200609403842318,38.7842740509444000,#REF!
29.0,142.0,-9,7/18/04,12:00:00 AM,2453204.8750000000000000,0.0454449007529090,116.5178725788500000,1993.5023773106000000,0.0167067233710413,-0.4380927786775330,116.0797798001730000,1993.0642845319200000,1.0162608412696400,116.0712035802250000,23.4387001377564000,23.4407407828302000,118.0702254162290000,20.9359206901740000,0.0430400040849999,-6.2412265975358400,103.2891508028750000,###############################################################################################################################################################################################################################################################,###############################################################################################################################################################################################################################################################,12:31:24 AM,826.3132064230010000,1101.7587734024600000,95.4396933506160000,84.5028902392584000,5.4971097607416100,0.1487762452507190,5.6458860059923300,290.9215481106910000
-44.0,-112.0,-1,12/9/04,12:00:00 AM,2453348.5416666700000000,0.0493782797170845,258.1225434353830000,2135.1002843942600000,0.0167065579763338,-0.8215526242058130,257.3009908111770000,2134.2787317700500000,0.9848980067049340,257.2929444354180000,23.4386489873930000,23.4408763122670000,-103.8080466099580000,-22.8338000652175000,0.0430405159430245,7.6693012061951700,115.3747798483170000,6:20:20 PM,10:38:50 AM,2:01:50 AM,922.9982387865390000,1059.6693012062000000,84.9173253015488000,70.8341874596683000,19.1658125403317000,0.0459753754271293,19.2117879157588000,256.3801157650420000
38.0,-126.0,-4,1/22/01,12:00:00 AM,2451931.6666666700000000,0.0105863563769065,301.5834392973450000,738.6278855828950000,0.0167081889671376,0.6238887883549280,302.2073280857000000,739.2517743712500000,0.9841972767235770,302.1970116911980000,23.4391534443506000,23.4385096798208000,-55.5386532040198000,-19.6696664092660000,0.0430315782859724,-11.5608661836889000,74.9488141503015000,4:35:34 PM,11:35:46 AM,9:35:21 PM,599.5905132024120000,1164.4391338163100000,111.1097834540780000,118.3252447006550000,-28.3252447006554000,0.0107047510457143,-28.3145399496097000,266.3234591388400000
-48.0,-114.0,9,6/14/15,12:00:00 AM,2457187.1250000000000000,0.1544729637234770,81.6120792017646000,5918.4090958592200000,0.0167021373967217,0.6908460495607970,82.3029252513254000,5919.0999419087800000,1.0155681752042500,82.2977571509235000,23.4372823168910000,23.4347376217118000,81.6147575426073000,23.2108609596491000,0.0430173350742624,-0.0317478480874616,63.0882165942326000,4:36:02 AM,12:23:41 AM,8:48:23 AM,504.7057327538610000,443.9682521519130000,-69.0079369620219000,94.1621176118898000,-4.1621176118897700,0.0792901496993867,-4.0828274621903800,#REF!
-8.0,-127.0,-10,4/26/07,12:00:00 AM,2454216.9166666700000000,0.0731530914898429,34.0340707013024000,2990.9709285893200000,0.0167055581854739,1.7739642510258000,35.8080349523282000,2992.7448928403400000,1.0062209715736200,35.8036983877961000,23.4383398154373000,23.4407950524726000,33.4962496285025000,13.4571278779477000,0.0430402090463647,2.1363739760253100,88.9380044500110000,10:25:52 AM,4:30:07 AM,4:21:37 PM,711.5040356000880000,94.1363739760253000,-156.4659065059940000,156.2570770151450000,-66.2570770151447000,0.0025380101309114,-66.2545390050138000,#REF!
66.0,54.0,-12,2/25/14,12:00:00 AM,2456714.0000000000000000,0.1415195071868580,335.2776707615370000,5452.0969631574600000,0.0167026824069578,1.5296664988390900,336.8073372603760000,5453.6266296563000000,0.9899164820332450,336.8041321316960000,23.4374507659981000,23.4352638628399000,-21.4631132155188000,-9.0124641483430800,0.0430193219964567,-13.0618438319718000,71.3341640338589000,###############################################################################################################################################################################################################################################################,###############################################################################################################################################################################################################################################################,1:22:24 AM,570.6733122708710000,922.9381561680280000,50.7345390420070000,83.6186761059809000,6.3813238940190600,0.1317709889533040,6.5130948829723700,230.3028027544820000
23.0,10.0,5,9/18/12,12:00:00 AM,2456188.2916666700000000,0.1271263974446680,177.1146386226560000,4933.9586823131800000,0.0167032879400166,-1.8286585674614300,175.2859800551950000,4932.1300237457200000,1.0048725285309700,175.2843941848200000,23.4376379366371000,23.4363255819781000,175.6718749150660000,1.8737536257379600,0.0430233308676275,5.7367388403117000,91.7012853072187000,4:14:16 PM,10:07:27 AM,10:21:04 PM,733.6102824577500000,1185.7367388403100000,116.4341847100780000,113.3773914000020000,-23.3773914000019000,0.0133481316426610,-23.3640432683593000,282.8374347302890000
4.0,-41.0,-1,7/13/02,12:00:00 AM,2452468.5416666700000000,0.0252851927903220,110.7528659454060000,1267.7720367528800000,0.0167075710053462,-0.2536563822600000,110.4992095631460000,1267.5183803706200000,1.0165601103566500,110.4888788378130000,23.4389622981532000,23.4395757638776000,112.1596654971060000,21.8771732615424000,0.0430356042594233,-5.6658803842054300,92.5093597516903000,1:49:40 PM,7:39:38 AM,7:59:42 PM,740.0748780135220000,1330.3341196157900000,152.5835299039490000,142.7268351274400000,-52.7268351274399000,0.0043912928421451,-52.7224438345978000,315.1256039191980000
80.0,-8.0,4,9/21/10,12:00:00 AM,2455460.3333333300000000,0.1071959844855160,179.6044276473930000,4216.4827446140000000,0.0167041263464931,-1.8517624606980800,177.7526651866950000,4214.6309821533100000,1.0041676146373800,177.7517119925850000,23.4378971154000000,23.4382404914024000,177.9370522042600000,0.8940865892151630,0.0430305617516270,6.6372505708721100,99.9179555930401000,4:25:22 PM,9:45:41 AM,11:05:02 PM,799.3436447443210000,1174.6372505708700000,113.6593126427180000,93.1132095712694000,-3.1132095712694200,0.1060870551119310,-3.0071225161574900,293.4813400050550000
19.0,-46.0,6,6/24/11,12:00:00 AM,2455736.2500000000000000,0.1147501711156740,91.5609622809170000,4488.4262887554000000,0.0167038085787217,0.3763226404348180,91.9372849213518000,4488.8026113958300000,1.0163761727557500,91.9363402770172000,23.4377988793638000,23.4374912209608000,92.1103141884824000,23.4233087804567000,0.0430277323553277,-2.1968019784389000,99.5510807893441000,9:06:12 PM,2:28:00 PM,3:44:24 AM,796.4086463147530000,893.8031980215610000,43.4507995053903000,40.6002440263615000,49.3997559736385000,0.0138205875007244,49.4135765611393000,284.1408876285260000
-23.0,-85.0,-13,12/16/02,12:00:00 AM,2452625.0416666700000000,0.0295699292721837,265.0066778823790000,1422.0184808066900000,0.0167073908580991,-0.6029862587910600,264.4036916235880000,1421.4154945479000000,0.9841369136524650,264.3935744590160000,23.4389065786923000,23.4398718760440000,-96.1070367193798000,-23.3210948516761000,0.0430367225373676,4.3944785776847800,101.5481723550050000,4:35:36 AM,###############################################################################################################################################################################################################################################################,11:21:48 AM,812.3853788400390000,444.3944785776850000,-68.9013803555788000,62.6793078887326000,27.3206921112674000,0.0311004456825434,27.3517925569500000,#REF!
14.0,107.0,5,5/1/08,12:00:00 AM,2454587.2916666700000000,0.0832934063426834,39.0932122031454000,3356.0126326893300000,0.0167051317160594,1.7044737251031200,40.7976859282485000,3357.7171064144300000,1.0075502826329400,40.7948096421516000,23.4382079489268000,23.4402774351441000,38.3721225863235000,15.0640591492524000,0.0430382541710035,2.8725474130029800,94.7393202933371000,9:49:08 AM,3:30:10 AM,4:08:05 PM,757.9145623466970000,130.8725474130030000,-147.2818631467490000,136.5037988776900000,-46.5037988776899000,0.0054747985125421,-46.4983240791773000,#REF!
14.0,55.0,13,5/10/05,12:00:00 AM,2453499.9583333300000000,0.0535238421172755,47.3659813499034000,2284.3365936535000000,0.0167063836552785,1.5621932988371900,48.9281746487406000,2285.8987869523400000,1.0096119469329100,48.9207314060335000,23.4385950777553000,23.4409766582438000,46.4648037505315000,17.4495095367748000,0.0430408949247599,3.5719006162284000,95.3982112840495000,9:16:26 PM,2:54:50 PM,3:38:01 AM,763.1856902723960000,883.5719006162280000,40.8929751540571000,39.4418560998045000,50.5581439001955000,0.0132655736628549,50.5714094738583000,280.5663655223950000
76.0,-26.0,-11,3/30/06,12:00:00 AM,2453824.9583333300000000,0.0624218571754549,7.7013737160996200,2604.6566850555100000,0.0167060094787049,1.9094113374622900,9.6107850535619100,2606.5660963929700000,0.9987225645123080,9.6047360197604000,23.4384793663607000,23.4410321346890000,8.8250805686008900,3.8057403966844300,0.0430411044462371,-4.4950241267665100,109.0883833760260000,2:48:30 AM,###############################################################################################################################################################################################################################################################,10:04:51 AM,872.7070670082100000,551.5049758732330000,-42.1237560316916000,75.9103659550938000,14.0896340449062000,0.0630950551043783,14.1527291000105000,#REF!
-19.0,40.0,-3,10/21/09,12:00:00 AM,2455125.6250000000000000,0.0980321697467488,209.7000419020380000,3886.5941172739200000,0.0167045118040545,-1.8451617561070300,207.8548801459310000,3884.7489555178100000,0.9954884565068050,207.8535069266790000,23.4380162833365000,23.4391156668834000,-154.1345198457840000,-10.7104107993307000,0.0430338667182511,15.3633929420564000,94.6330890542255000,6:04:38 AM,###############################################################################################################################################################################################################################################################,12:23:10 PM,757.0647124338040000,355.3633929420560000,-91.1591517644859000,87.6094428923817000,2.3905571076182600,0.2598916283878850,2.6504487360061500,#REF!
51.0,-37.0,10,1/27/16,12:00:00 AM,2457414.0833333300000000,0.1606867442391100,305.3129619129670000,6142.0992928315200000,0.0167018759399093,0.7341978727108080,306.0471597856780000,6142.8334907042300000,0.9845665744837320,306.0409908853520000,23.4372015117657000,23.4346543924340000,-51.5837672959588000,-18.7585693012653000,0.0430170208310451,-12.4512586922192000,66.7340309393230000,12:40:27 AM,8:13:31 PM,5:07:23 AM,533.8722475145840000,679.5487413077810000,-10.1128146730548000,70.3229018230565000,19.6770981769435000,0.0447098805729834,19.7218080575165000,#REF!
-60.0,82.0,-2,2/22/16,12:00:00 AM,2457440.5833333300000000,0.1614122746977000,331.4326170281750000,6168.2177002613100000,0.0167018454111766,1.4471219668284400,332.8797389950030000,6169.6648222281300000,0.9890302518795800,332.8734537683700000,23.4371920768368000,23.4346520024796000,-25.1759797483301000,-10.4475603354399000,0.0430170118074725,-13.6090645464128000,110.4227114121580000,4:45:37 AM,###############################################################################################################################################################################################################################################################,12:07:18 PM,883.3816912972610000,434.3909354535870000,-71.4022661366032000,71.7080879479786000,18.2919120520214000,0.0482903451830560,18.3402023972045000,#REF!
34.0,63.0,9,10/14/04,12:00:00 AM,2453292.1250000000000000,0.0478336755646817,202.5156048207420000,2079.4960018568500000,0.0167066229258830,-1.8943900089255200,200.6212148118160000,2077.6016118479200000,0.9975173696340630,200.6129548899010000,23.4386690737019000,23.4408275994839000,-160.9608757556410000,-8.0505900914501600,0.0430403319676391,13.8858695074171000,85.5440422494734000,4:34:07 PM,10:51:56 AM,10:16:17 PM,684.3523379957870000,1165.8858695074200000,111.4714673768540000,112.2582571277240000,-22.2582571277237000,0.0140979609292842,-22.2441591667944000,275.3669219860370000
33.0,105.0,2,9/6/00,12:00:00 AM,2451793.4166666700000000,0.0068012776636964,165.3176917346800000,602.3686466445510000,0.0167083480888300,-1.6797475665684000,163.6379441681110000,600.6888990779830000,1.0079666077108100,163.6278186567760000,23.4392026661554000,23.4382484225555000,164.9145762291150000,6.4374804162508800,0.0430305917017995,1.5558830251451400,95.2048908177984000,6:58:27 AM,12:37:37 AM,1:19:16 PM,761.6391265423870000,301.5558830251450000,-104.6110292437140000,98.5783125890831000,-8.5783125890831100,0.0382502648192192,-8.5400623242638900,#REF!
7.0,119.0,-1,11/7/17,12:00:00 AM,2458064.5416666700000000,0.1784953228382340,226.4355028909460000,6783.1912084864200000,0.0167011265553783,-1.6198614957108200,224.8156413952350000,6781.5713469907000000,0.9910562543944590,224.8068664751910000,23.4369699258261000,23.4350144415921000,-137.6556172430820000,-16.2764961178756000,0.0430183802535085,16.3750175967965000,88.8201265166658000,2:47:37 AM,###############################################################################################################################################################################################################################################################,8:42:54 AM,710.5610121333260000,552.3750175967970000,-41.9062456008009000,47.5514307619149000,42.4485692380851000,0.0176189061848980,42.4661881442700000,#REF!
84.0,-112.0,-13,5/1/06,12:00:00 AM,2453857.0416666700000000,0.0633002509696512,39.3242265545473000,2636.2780274102300000,0.0167059725396730,1.7005421477396800,41.0247687022870000,2637.9785695579700000,1.0076191039626400,41.0188611416582000,23.4384679435685000,23.4410252905524000,38.5924896214030000,15.1342934860965000,0.0430410785975141,2.9031005326104800,#NUM!,6:25:06 AM,#NUM!,#NUM!,#NUM!,334.9031005326100000,-96.2742248668474000,75.6038568757303000,14.3961431242697000,0.0617461008076406,14.4578892250774000,#REF!
-35.0,103.0,10,8/30/06,12:00:00 AM,2453977.0833333300000000,0.0665868126853796,157.6429785440030000,2754.5911278303100000,0.0167058343283922,-1.5414162318967700,156.1015623121060000,2753.0497115984200000,1.0098632241712000,156.0961847685340000,23.4384252045232000,23.4409797293511000,157.8713751559660000,9.2760468351979400,0.0430409065235951,-0.9441332162962910,84.4692506904228000,3:08:57 PM,9:31:04 AM,8:46:49 PM,675.7540055233830000,1251.0558667837000000,132.7639666959260000,129.8940506775190000,-39.8940506775191000,0.0069022988685155,-39.8871483786506000,250.8002385652640000
58.0,56.0,9,9/1/04,12:00:00 AM,2453249.1250000000000000,0.0466563997262149,160.1327682999500000,2037.1151897597800000,0.0167066724291217,-1.5894408788242100,158.5433274211260000,2035.5257488809500000,1.0092661053793000,158.5349093981020000,23.4386843832074000,23.4407865206525000,160.1627807178800000,8.3702333390397800,0.0430401768240151,-0.1646103621229170,105.2598611049930000,5:16:10 PM,10:15:08 AM,12:17:12 AM,842.0788888399410000,1123.8353896378800000,100.9588474094690000,88.6372108530348000,1.3627891469652400,0.3308105218904600,1.6935996688557000,283.6922526943650000
85.0,-137.0,10,3/13/14,12:00:00 AM,2456729.0833333300000000,0.1419324663472550,350.1445184796580000,5466.9631007223100000,0.0167026650325628,1.7755751242100100,351.9200936038680000,5468.7386758465200000,0.9937034178160430,351.9168313124360000,23.4374453958017000,23.4352401538732000,-7.4241559071862200,-3.2057945851038900,0.0430192324777322,-9.7229284963443600,61.7622369632997000,7:17:43 AM,3:10:40 AM,11:24:46 AM,494.0978957063980000,282.2770715036560000,-109.4307321240860000,94.8563673188040000,-4.8563673188040200,0.0679117861206712,-4.7884555326833500,#REF!
14.0,-147.0,-2,6/24/03,12:00:00 AM,2452814.5833333300000000,0.0347592972849689,91.8279213750375000,1608.8308008209500000,0.0167071726703400,0.3634013591406430,92.1913227341781000,1609.1942021800900000,1.0164019857040300,92.1815874511547000,23.4388390952391000,23.4402028504629000,92.3775989686908000,23.4221987357330000,0.0430379724924409,-2.2363883424944000,97.1424804027834000,7:50:14 PM,1:21:40 PM,2:18:48 AM,777.1398432222670000,969.7636116575060000,62.4409029143764000,59.4630276304575000,30.5369723695425000,0.0272636292374142,30.5642359987800000,289.1814756256390000
58.0,-51.0,3,7/15/10,12:00:00 AM,2455392.3750000000000000,0.1053353867214240,112.6214756761810000,4149.5029921957400000,0.0167042046105430,-0.3096456399635380,112.3118300362180000,4149.1933465557800000,1.0164834291858300,112.3108272592240000,23.4379213109564000,23.4384232413797000,114.0967949659150000,21.5914562660009000,0.0430312518676741,-5.9005270197884200,131.5172931008000000,6:29:54 PM,9:43:50 AM,3:15:58 AM,1052.1383448064000000,1050.0994729802100000,82.5248682450529000,67.9031947045680000,22.0968052954320000,0.0394632517590494,22.1362685471911000,275.7243694910210000
-43.0,101.0,12,10/27/14,12:00:00 AM,2456957.0000000000000000,0.1481724845995890,214.7899798658150000,5691.5978313203700000,0.0167024024915556,-1.7930663982779600,212.9969134675370000,5689.8047649220900000,0.9940964121536460,212.9927365648300000,23.4373642494661000,23.4349358932594000,-149.2188383208760000,-12.5073408266377000,0.0430180836798892,16.0601348538775000,103.1334859588120000,4:59:56 PM,10:07:24 AM,11:52:28 PM,825.0678876704970000,1140.0601348538800000,105.0150337134690000,92.1364997714274000,-2.1364997714274100,0.1546657810042010,-1.9818339904232100,250.6638694934890000
81.0,30.0,11,4/17/01,12:00:00 AM,2452016.0416666700000000,0.0128964179785493,24.7474353276530000,821.7879093450920000,0.0167080918522050,1.8659316231540600,26.6133669508070000,823.6538409682460000,1.0036804077255500,26.6029709754877000,23.4391234039161000,23.4386746158136000,24.6788965886731000,10.2604115556097000,0.0430322011390324,0.2433051665839440,#NUM!,8:59:45 PM,#NUM!,#NUM!,#NUM!,900.2433051665840000,45.0608262916460000,73.4614318356527000,16.5385681643473000,0.0536173350072800,16.5921854993546000,226.6019301618010000
31.0,-67.0,-12,8/30/06,12:00:00 AM,2453978.0000000000000000,0.0666119096509240,158.5464886250140000,2755.4945947545600000,0.0167058332729675,-1.5589142669777400,156.9875743580370000,2753.9356804875800000,1.0096514595165500,156.9822008553030000,23.4384248781577000,23.4409792602980000,158.7051845937520000,8.9485930110985600,0.0430409047520938,-0.6662394903700880,96.4181665049267000,4:28:40 AM,###############################################################################################################################################################################################################################################################,10:54:20 AM,771.3453320394140000,451.3337605096300000,-67.1665598725925000,65.8773400834318000,24.1226599165682000,0.0358254694603375,24.1584853860285000,#REF!
60.0,145.0,-9,7/12/13,12:00:00 AM,2456485.8750000000000000,0.1352737850787130,110.4268661998980000,5227.2568991546900000,0.0167029451774137,-0.2368672568199480,110.1899989430780000,5227.0200318978700000,1.0165745286806600,110.1875933488170000,23.4375319865119000,23.4356720198986000,111.8379885994710000,21.9184429744549000,0.0430208631042759,-5.6493552863048600,136.7415014207420000,###############################################################################################################################################################################################################################################################,###############################################################################################################################################################################################################################################################,2:32:37 AM,1093.9320113659300000,1114.3506447137000000,98.5876611784238000,75.2850025746599000,14.7149974253401000,0.0603979032308924,14.7753953285710000,288.4822106847530000
-46.0,13.0,-2,7/21/08,12:00:00 AM,2454668.5833333300000000,0.0855190508783980,119.2181289707230000,3436.1337222004300000,0.0167050381090368,-0.5214622923802130,118.6966666783430000,3435.6122599080500000,1.0160691977812500,118.6940724974420000,23.4381790062367000,23.4401295437347000,120.8195296710330000,20.4225093799869000,0.0430376956412034,-6.4126983945315800,68.7006072965697000,9:14:25 AM,4:39:37 AM,1:49:13 PM,549.6048583725580000,165.5873016054680000,-138.6031745986330000,137.6760294375530000,-47.6760294375528000,0.0052547103787799,-47.6707747271740000,#REF!
-50.0,-161.0,9,6/11/17,12:00:00 AM,2457915.1250000000000000,0.1744045174537990,79.1633593888409000,6635.9260999474000000,0.0167012987034740,0.7660473982151720,79.9294067870561000,6636.6921473456200000,1.0152950264958600,79.9211638483324000,23.4370231233853000,23.4348588247782000,79.0361307344927000,23.0521459137628000,0.0430177926947962,0.4737369500734390,61.1466142651592000,7:43:32 AM,3:38:56 AM,11:48:07 AM,489.1729141212730000,256.4737369500740000,-115.8815657624820000,123.9271787108040000,-33.9271787108042000,0.0085778735269200,-33.9186008372773000,#REF!
9.0,177.0,-13,5/13/13,12:00:00 AM,2456426.0416666700000000,0.1336356376910750,51.4522990163523000,5168.2851490323800000,0.0167030140960285,1.4830247524534100,52.9353237688057000,5169.7681737848300000,1.0105190507200300,52.9331051044189000,23.4375532892810000,23.4357933878817000,50.5352541532371000,18.5030150179359000,0.0430213213678200,3.6557811098702700,93.9293081885182000,###############################################################################################################################################################################################################################################################,###############################################################################################################################################################################################################################################################,###############################################################################################################################################################################################################################################################,751.4344655081460000,51.6557811098703000,-167.0860547225320000,149.6887132802430000,-59.6887132802432000,0.0033732406999264,-59.6853400395432000,#REF!
-32.0,104.0,-3,10/6/18,12:00:00 AM,2458397.6250000000000000,0.1876146475017110,194.7382121181020000,7111.4782351446000000,0.0167007427833172,-1.9138029541843200,192.8244091639170000,7109.5644321904100000,0.9998490431079530,192.8146729277870000,23.4368513365229000,23.4354883925568000,-168.2115825930080000,-5.0607966755544200,0.0430201697656814,11.7532534734221000,94.1603062523167000,1:52:15 AM,###############################################################################################################################################################################################################################################################,8:08:53 AM,753.2824500185330000,607.7532534734220000,-28.0616866316445000,37.6101776699474000,52.3898223300526000,0.0124243013008703,52.4022466313534000,#REF!
76.0,58.0,-12,12/11/05,12:00:00 AM,2453716.0000000000000000,0.0594387405886379,260.3068799878270000,2497.2673210816200000,0.0167061349260354,-0.7542687032638320,259.5526112845630000,2496.5130523783600000,0.9846352950066290,259.5460848885580000,23.4385181593488000,23.4410386644371000,-101.3707612489160000,-23.0293144498334000,0.0430411291075953,6.6636357480111000,#NUM!,###############################################################################################################################################################################################################################################################,#NUM!,#NUM!,#NUM!,958.6636357480110000,59.6659089370028000,105.4940513974470000,-15.4940513974468000,0.0208143392200908,-15.4732370582267000,235.5141446304690000
71.0,-32.0,-2,6/19/09,12:00:00 AM,2455001.5833333300000000,0.0946360939995479,87.4387004034252000,3764.3386157623600000,0.0167046546477926,0.5065494388433890,87.9452498422686000,3764.8451652012000000,1.0161053653052300,87.9436134713316000,23.4380604465311000,23.4394170748473000,87.7588416521433000,23.4234204320818000,0.0430350049712278,-1.2842383874497300,#NUM!,12:09:17 PM,#NUM!,#NUM!,#NUM!,1430.7157616125500000,177.6789404031380000,85.5624947287905000,4.4375052712094900,0.1749087701977090,4.6124140414072000,357.8638995962920000
12.0,103.0,-3,11/13/05,12:00:00 AM,2453687.6250000000000000,0.0586618754277892,232.3391361153480000,2469.3009131017800000,0.0167061675947406,-1.5010861088442600,230.8380500065040000,2467.7998269929400000,0.9895892324297420,230.8314004922400000,23.4385282618438000,23.4410361544193000,-131.6034915664600000,-17.9637137256976000,0.0430411196278339,15.7797057632271000,86.9452332166021000,1:52:13 AM,###############################################################################################################################################################################################################################################################,7:40:00 AM,695.5618657328170000,607.7797057632270000,-28.0550735591932000,40.7988238819310000,49.2011761180690000,0.0139176447690383,49.2150937628380000,#REF!
-6.0,68.0,8,7/2/18,12:00:00 AM,2458301.1666666700000000,0.1849737622632860,99.6643102037651000,7016.4088747876400000,0.0167008539228782,0.1174237519758790,99.7817339557410000,7016.5262985396100000,1.0166701633287700,99.7722403586507000,23.4368856790575000,23.4353352165703000,100.6316021964640000,23.0754576912156000,0.0430195914096882,-3.9042068603148900,88.3446053825975000,3:31:54 PM,9:38:32 AM,9:25:17 PM,706.7568430607800000,1228.0957931396900000,127.0239482849210000,126.2923122294510000,-36.2923122294513000,0.0078571125382283,-36.2844551169131000,294.3161103955440000
-39.0,-156.0,10,6/11/09,12:00:00 AM,2454993.0833333300000000,0.0944033766826417,79.0606978286905000,3755.9610133744600000,0.0167046644361043,0.7651497113922740,79.8258475400828000,3756.7261630858500000,1.0153021428827600,79.8241911447804000,23.4380634728300000,23.4394371140082000,78.9306763652380000,23.0492693252158000,0.0430350806487526,0.5133789903649330,71.0813684405479000,8:23:29 AM,3:39:10 AM,1:07:49 PM,568.6509475243830000,216.5133789903650000,-125.8716552524090000,131.7148960375850000,-41.7148960375846000,0.0064727171749303,-41.7084233204097000,#REF!
-15.0,118.0,-12,7/8/04,12:00:00 AM,2453195.0000000000000000,0.0451745379876797,106.7846048897990000,1983.7695745323300000,0.0167067347393850,-0.1232934674827430,106.6613114223160000,1983.6462810648500000,1.0166728019586800,106.6527005480930000,23.4387036536020000,23.4407301062965000,108.0570335908280000,22.4028408542934000,0.0430399637627597,-5.1207822239404100,84.5960680384651000,###############################################################################################################################################################################################################################################################,###############################################################################################################################################################################################################################################################,###############################################################################################################################################################################################################################################################,676.7685443077210000,1186.8792177760600000,116.7198044440150000,120.0111690726110000,-30.0111690726109000,0.0099894355301286,-30.0011796370807000,287.5104878382210000
26.0,175.0,4,1/7/10,12:00:00 AM,2455203.3333333300000000,0.1001597079625870,286.2930556428030000,3963.1834724349700000,0.0167044223153061,0.1085616971121010,286.4016173399150000,3963.2920341320800000,0.9833232390984930,286.4003802933470000,23.4379886164374000,23.4389192681686000,-72.2140906727009000,-22.4320028574121000,0.0430331250365253,-5.9690927539607200,79.4059987800658000,4:25:58 AM,###############################################################################################################################################################################################################################################################,9:43:36 AM,635.2479902405270000,454.0309072460390000,-66.4922731884902000,80.5549926455598000,9.4450073544402400,0.0929780501149521,9.5379854045551900,#REF!
47.0,120.0,4,5/22/07,12:00:00 AM,2454242.3333333300000000,0.0738489618982475,59.0859411367992000,3016.0216024010800000,0.0167055289202088,1.3094700271808900,60.3954111639801000,3017.3310724282600000,1.0121545195012000,60.3911819058293000,23.4383307662115000,23.4407683002721000,58.2258979926261000,20.2340300021171000,0.0430401080106683,3.4189304288095600,114.7081990593560000,7:56:35 AM,12:17:45 AM,3:35:25 PM,917.6655924748500000,243.4189304288100000,-119.1452673927980000,93.3657792766666000,-3.3657792766665600,0.0981099036479838,-3.2676693730185700,#REF!
-78.0,48.0,-9,9/16/06,12:00:00 AM,2453994.8750000000000000,0.0670739219712526,175.1792878465130000,2772.1265994991700000,0.0167058138435301,-1.8100425295230600,173.3692453169900000,2770.3165569696500000,1.0053791066371900,173.3639461588400000,23.4384188700655000,23.4409702980290000,173.9073149072390000,2.6348795971630400,0.0430408709037606,5.0406421222179000,81.5754041978601000,###############################################################################################################################################################################################################################################################,###############################################################################################################################################################################################################################################################,5:09:16 AM,652.6032335828810000,737.0406421222180000,4.2601605305544600,80.6682011614893000,9.3317988385106800,0.0940298506146413,9.4258286891253200,355.6871693056560000
56.0,52.0,-9,1/29/08,12:00:00 AM,2454494.8750000000000000,0.0807631759069131,308.0029685422590000,3264.9267400505400000,0.0167052381319495,0.8223176498681040,308.8252861921270000,3265.7490577004100000,0.9849026175392230,308.8220700035060000,23.4382408525074000,23.4404313492435000,-48.7481711173675000,-18.0544715966693000,0.0430388354503878,-13.0260849764328000,62.8753851743283000,###############################################################################################################################################################################################################################################################,###############################################################################################################################################################################################################################################################,3:56:32 AM,503.0030813946260000,734.9739150235670000,3.7434787558918300,74.1220556646626000,15.8779443353374000,0.0559068035067053,15.9338511388441000,183.7002781877250000
-12.0,47.0,9,8/7/00,12:00:00 AM,2451763.1250000000000000,0.0059719370294319,135.4607904466450000,572.5131714457500000,0.0167083829531645,-1.0112339781190200,134.4495564685260000,571.5019374676310000,1.0141696508647800,134.4394825708710000,23.4392134510409000,23.4381930852488000,136.9050239651600000,16.4988742263568000,0.0430303827334462,-5.8155084840818700,87.2799237537802000,5:57:49 PM,12:08:42 PM,11:46:56 PM,698.2393900302420000,1082.1844915159200000,90.5461228789795000,93.8982906091524000,-3.8982906091524300,0.0846746417825683,-3.8136159673698600,286.0532244195430000
30.0,87.0,-6,1/7/17,12:00:00 AM,2457760.7500000000000000,0.1701779603011640,287.0040477219020000,6483.7740566799800000,0.0167014765597826,0.1286498610279840,287.1326975829300000,6483.9027065410000000,0.9833369831119530,287.1250552059360000,23.4370780862881000,23.4347413643518000,-71.4369479723990000,-22.3381312341165000,0.0430173492051273,-6.2611145788685000,77.3444981832444000,12:18:16 AM,###############################################################################################################################################################################################################################################################,5:27:38 AM,618.7559854659550000,701.7388854211310000,-4.5652786447171300,52.5218466430843000,37.4781533569157000,0.0210061727346798,37.4991595296504000,#REF!
62.0,144.0,-12,11/10/18,12:00:00 AM,2458433.0000000000000000,0.1885831622176590,229.6054875943840000,7146.3438450546100000,0.0167007020237006,-1.5605952841957700,228.0448923101880000,7144.7832497704200000,0.9902873321891170,228.0350750486880000,23.4368387417882000,23.4355473625957000,-134.4256789933030000,-17.2009772404659000,0.0430203924236060,16.1265807535616000,56.6466762592281000,###############################################################################################################################################################################################################################################################,###############################################################################################################################################################################################################################################################,###############################################################################################################################################################################################################################################################,453.1734100738250000,1312.1265807535600000,148.0316451883900000,129.9088058466940000,-39.9088058466937000,0.0068986877115046,-39.9019071589822000,318.7491958860350000
48.0,-109.0,-7,5/24/05,12:00:00 AM,2453514.7916666700000000,0.0539299566506916,61.9864172052658000,2298.9563311587400000,0.0167063665779129,1.2374670234503200,63.2238842287161000,2300.1937981821900000,1.0127192229859700,63.2165021118195000,23.4385897965688000,23.4409840254791000,61.1812370927045000,20.8011722914471000,0.0430409227490421,3.1862609359043800,116.4329281750940000,12:12:49 PM,4:27:05 AM,7:58:33 PM,931.4634254007550000,1427.1862609359000000,176.7965652339760000,111.1387731814100000,-21.1387731814103000,0.0149232280760340,-21.1238499533343000,356.7893152026240000
40.0,102.0,2,7/19/10,12:00:00 AM,2455396.4166666700000000,0.1054460415240660,116.6051337637640000,4153.4864599973100000,0.0167041999559919,-0.4375206544769460,116.1676131092870000,4153.0489393428300000,1.0162594316934100,116.1666138003750000,23.4379198719810000,23.4384124219586000,118.1701420710550000,20.9159793249413000,0.0430312110102867,-6.2600004421615200,109.9381806265090000,7:18:16 AM,###############################################################################################################################################################################################################################################################,2:38:01 PM,879.5054450120740000,281.7399995578380000,-109.5650001105400000,90.5816564193575000,-0.5816564193574860,0.5683514866771240,-0.0133049326803627,#REF!
39.0,-8.0,6,8/15/17,12:00:00 AM,2457980.2500000000000000,0.1761875427789190,143.3536439090750000,6700.1133181986500000,0.0167012236712364,-1.2135977994986200,142.1400461095760000,6698.8997203991500000,1.0128872551307000,142.1315647051610000,23.4369999366071000,23.4349218027113000,144.4939473177100000,14.1305856562703000,0.0430180304785605,-4.5944761973169100,102.8943516399650000,6:36:36 PM,11:45:01 AM,1:28:10 AM,823.1548131197230000,1043.4055238026800000,80.8513809506708000,74.1296243832568000,15.8703756167432000,0.0559340577024524,15.9263096744456000,275.5300787491200000
-3.0,-80.0,10,7/24/08,12:00:00 AM,2454671.0833333300000000,0.0855874971480763,121.6822473746850000,3438.5977229029500000,0.0167050352302771,-0.5986342460431390,121.0836131286420000,3437.9990886569000000,1.0158614736269200,121.0810273545140000,23.4381781161488000,23.4401248175350000,123.3051368738620000,19.9184877523811000,0.0430376777922029,-6.4989789233267500,89.7991120859901000,3:26:30 AM,9:27:18 PM,9:25:42 AM,718.3928966879210000,513.5010210766730000,-51.6247447308317000,55.5948270723559000,34.4051729276441000,0.0235053107425403,34.4286782383866000,#REF!
19.0,90.0,5,11/30/04,12:00:00 AM,2453339.2916666700000000,0.0491250285192748,249.0053053463000000,2125.9834817921400000,0.0167065686254150,-1.0897765473362100,247.9155287989640000,2124.8937052448000000,0.9862425186200340,247.9074469558340000,23.4386522807169000,23.4408687355462000,-113.8655008486930000,-21.6289797569968000,0.0430404873277123,11.4423819101785000,83.1084707480973000,10:48:33 AM,5:16:07 AM,4:20:59 PM,664.8677659847790000,71.4423819101785000,-162.1394045224550000,163.0554471148480000,-73.0554471148480000,0.0017579620792571,-73.0536891527687000,#REF!
48.0,49.0,0,10/3/15,12:00:00 AM,2457298.5000000000000000,0.1575222450376450,191.3885542285120000,6028.1803270901000000,0.0167020090935456,-1.9113219959805000,189.4772322325320000,6026.2690050941200000,1.0008097760815300,189.4715731465170000,23.4372426634848000,23.4346827170236000,-171.2972138675110000,-3.7524253006127200,0.0430171277741639,10.7051482937529000,87.0727972215007000,8:33:18 AM,2:45:00 AM,2:21:35 PM,696.5823777720060000,206.7051482937530000,-128.3237129265620000,117.5599365232270000,-27.5599365232266000,0.0110558140502767,-27.5488807091763000,#REF!
34.0,-118.0,-9,5/9/17,12:00:00 AM,2457882.8750000000000000,0.1735215605749490,47.3762319303987000,6604.1404909089900000,0.0167013358592551,1.5654596036538800,48.9416915340526000,6605.7059505126500000,1.0095626193606500,48.9335701620282000,23.4370346055137000,23.4348305215543000,46.4790774784758000,17.4485703784288000,0.0430176858314520,3.5530816859907100,103.3199264172740000,10:48:27 AM,3:55:10 AM,5:41:44 PM,826.5594113381930000,71.5530816859907000,-162.1117295785020000,125.8017949327030000,-35.8017949327030000,0.0079997740622527,-35.7937951586408000,#REF!
53.0,162.0,-8,7/18/02,12:00:00 AM,2452473.8333333300000000,0.0254300707278163,115.9685832288090000,1272.9875049095200000,0.0167075649141814,-0.4216836963715510,115.5468995324380000,1272.5658212131500000,1.0162949668412600,115.5365744646040000,23.4389604141353000,23.4395860277434000,117.5073440017660000,21.0340488814241000,0.0430356430210080,-6.1941646767292200,122.4247472026400000,###############################################################################################################################################################################################################################################################,###############################################################################################################################################################################################################################################################,1:27:54 AM,979.3979776211190000,1121.8058353232700000,100.4514588308180000,79.3533248971920000,10.6466751028080000,0.0830254188794847,10.7297005216875000,290.9392770888820000
68.0,-46.0,7,9/30/02,12:00:00 AM,2452547.2083333300000000,0.0274389687428744,188.2904583130650000,1345.3059255647500000,0.0167074804526789,-1.9045072489483400,186.3859510641170000,1343.4014183158100000,1.0016449352767300,186.3757158060050000,23.4389342900754000,23.4397266779044000,-174.1465989516950000,-2.5317515648038300,0.0430361741895541,9.6883360544676000,85.9520070311864000,9:54:19 PM,4:10:30 PM,3:38:07 AM,687.6160562494920000,845.6883360544680000,31.4220840136169000,73.8351481709657000,16.1648518290343000,0.0548911552978789,16.2197429843322000,212.8381977944690000
86.0,-47.0,7,7/8/00,12:00:00 AM,2451733.2083333300000000,0.0051528633356191,105.9735069191210000,543.0272963523690000,0.0167084173857198,-0.0990489823721716,105.8744579367490000,542.9282473699970000,1.0166868951554100,105.8644383862390000,23.4392241024132000,23.4381392176923000,107.2100273063970000,22.4953557213513000,0.0430301793157873,-4.9831849177778700,#NUM!,10:12:59 PM,#NUM!,#NUM!,#NUM!,827.0168150822220000,26.7542037705555000,63.9455074031373000,26.0544925968627000,0.0328443801655004,26.0873369770282000,207.5781861219080000
61.0,-61.0,-13,5/15/09,12:00:00 AM,2454967.0416666700000000,0.0936903947068176,53.3927977834451000,3730.2943393915100000,0.0167046944247190,1.4404181098999700,54.8332158933450000,3731.7347575014100000,1.0109639240028100,54.8314966046522000,23.4380727445789000,23.4394979763111000,52.4767458029785000,18.9758915739884000,0.0430353104945686,3.6536429654935300,130.6959623179500000,3:00:21 AM,###############################################################################################################################################################################################################################################################,11:43:08 AM,1045.5676985436000000,539.6536429654940000,-45.0865892586266000,52.5483126476330000,37.4516873523670000,0.0210261974787559,37.4727135498458000,#REF!
75.0,137.0,8,5/4/10,12:00:00 AM,2455320.1666666700000000,0.1033584302988780,41.4495224190728000,4078.3344385827900000,0.0167042877681338,1.6680586745972200,43.1175810936700000,4080.0024972573900000,1.0081427736339500,43.1165053841283000,23.4379470196624000,23.4386152371215000,40.6647150332673000,15.7753920061445000,0.0430319769048182,3.1336353808232500,#NUM!,10:48:52 AM,#NUM!,#NUM!,#NUM!,71.1336353808232000,-162.2165911547940000,88.5425904225868000,1.4574095774132200,0.3230587114359540,1.7804682888491700,#REF!
55.0,-43.0,-3,2/7/17,12:00:00 AM,2457791.6250000000000000,0.1710232717316910,317.4359100544240000,6514.2044653339000000,0.0167014409888830,1.0946821619832100,318.5305922164080000,6515.2991474958900000,0.9862783001735280,318.5228261491950000,23.4370670937072000,23.4347611561228000,-39.0453692106315000,-15.2723990087304000,0.0430174239317896,-14.1336738760464000,68.6734174153528000,12:06:08 PM,7:31:26 AM,4:40:50 PM,549.3873393228220000,1433.8663261239500000,178.4665815309880000,140.2546389861380000,-50.2546389861378000,0.0047980680790120,-50.2498409180588000,357.6860427352990000
-46.0,-123.0,-2,9/28/09,12:00:00 AM,2455102.5833333300000000,0.0974013232945514,186.9890839410250000,3863.8842441349500000,0.0167045383385675,-1.8987307642479200,185.0903531767770000,3861.9855133707000000,1.0020557687981900,185.0889352675690000,23.4380244869800000,23.4391728509615000,-175.3290479911890000,-2.0220118261847900,0.0430340826699757,9.2432970938528100,93.2963979154973000,6:02:45 PM,11:49:34 AM,12:15:57 AM,746.3711833239780000,1077.2432970938500000,89.3108242734632000,88.0669895809799000,1.9330104190201400,0.2881163581803850,2.2211267772005200,269.0905593162230000
-46.0,-31.0,10,2/19/11,12:00:00 AM,2455611.0833333300000000,0.1113232945471180,328.1907674656130000,4365.0619869454000000,0.0167039527324897,1.3750976236559900,329.5658650892690000,4366.4370845690600000,0.9883446265858000,329.5649550344550000,23.4378434430987000,23.4378311832102000,-28.3266251823834000,-11.6239072450041000,0.0430290161088649,-13.9581003644829000,103.5551239539730000,12:17:57 AM,5:23:44 PM,7:12:11 AM,828.4409916317870000,702.0418996355170000,-4.4895250911207300,34.5873791420822000,55.4126208579178000,0.0111218567997252,55.4237427147175000,#REF!
-2.0,-101.0,0,11/30/05,12:00:00 AM,2453704.5000000000000000,0.0591238877481177,248.9719353346200000,2485.9329178475300000,0.0167061481662339,-1.0911615497508300,247.8807737848690000,2484.8417562977800000,0.9862513480527720,247.8741974166070000,23.4385222537520000,23.4410378555907000,-113.9008283506190000,-21.6237792257231000,0.0430411260527678,11.4566816723250000,91.6899597049745000,6:32:33 PM,12:25:47 PM,12:39:18 AM,733.5196776397960000,1047.4566816723200000,81.8641704180812000,81.7008623482834000,8.2991376517165600,0.1047366393155670,8.4038742910321300,248.4358052663760000
-12.0,-67.0,11,6/22/18,12:00:00 AM,2458291.0416666700000000,0.1846965548710890,89.6846306510315000,7006.4296719509200000,0.0167008655888289,0.4401075855131540,90.1247382365447000,7006.8697795364400000,1.0162506461862800,90.1152718961764000,23.4368892839111000,23.4353198272659000,90.1256355934703000,23.4352695636431000,0.0430195333035775,-1.8010653104849400,85.6448984825867000,3:29:48 AM,9:47:13 PM,9:12:23 AM,685.1591878606940000,510.1989346895150000,-52.4502663276213000,62.3371519804122000,27.6628480195878000,0.0306541452828542,27.6935021648707000,#REF!
-43.0,-73.0,10,6/23/07,12:00:00 AM,2454274.0833333300000000,0.0747182295231619,90.3802448611714000,3047.3144113259900000,0.0167054923624430,0.4119838967462270,90.7922287579176000,3047.7263952227400000,1.0163118790109300,90.7881324056285000,23.4383194620965000,23.4407329937087000,90.8590158795516000,23.4383827806540000,0.0430399746676947,-1.9285684362415800,67.5044799995369000,2:53:56 AM,10:23:55 PM,7:23:57 AM,540.0358399962950000,546.0714315637580000,-43.4821421090604000,77.5491013005416000,12.4508986994584000,0.0713332903075184,12.5222319897659000,#REF!
42.0,-168.0,0,12/30/00,12:00:00 AM,2451908.5000000000000000,0.0099520876112252,278.7492754497430000,715.7948123917580000,0.0167082156315442,-0.1433785593133030,278.6058968904290000,715.6514338324450000,0.9833393059864890,278.5956072910550000,23.4391616924894000,23.4384650287079000,-80.6444839896488000,-23.1597535074960000,0.0430314096693874,-2.4676653830152300,68.6608609125031000,11:14:28 PM,6:39:49 PM,3:49:07 AM,549.2868873000250000,765.5323346169850000,11.3830836542462000,66.0054568422762000,23.9945431577238000,0.0360387126727762,24.0305818703965000,191.4566751263060000
20.0,-76.0,-7,8/16/02,12:00:00 AM,2452502.7916666700000000,0.0262229066849148,144.5112880456770000,1301.5288463945300000,0.0167075315805476,-1.2496858349557700,143.2616022107210000,1300.2791605595800000,1.0126290841560600,143.2513100629120000,23.4389501039585000,23.4396419234819000,145.5856645367100000,13.7682887417007000,0.0430358541121166,-4.3381544866977500,96.0337860436087000,10:08:20 AM,3:44:12 AM,4:32:28 PM,768.2702883488690000,111.6618455133020000,-152.0845386216740000,136.4764034194860000,-46.4764034194865000,0.0054800435645168,-46.4709233759220000,#REF!
22.0,139.0,13,10/16/12,12:00:00 AM,2456215.9583333300000000,0.1278838694957830,204.3842156460740000,4961.2269567448500000,0.0167032560736902,-1.8847497857606400,202.4994658603140000,4959.3422069590900000,0.9970186507380440,202.4978159980680000,23.4376280863312000,23.4362599631998000,-159.1931460943700000,-8.7538701020770700,0.0430230830964016,14.3194042408894000,87.3434523402958000,3:29:41 PM,9:40:18 AM,9:19:03 PM,698.7476187223660000,1230.3194042408900000,127.5798510602220000,128.0161026069540000,-38.0161026069540000,0.0073809865133763,-38.0087216204406000,276.1710706720650000
65.0,-21.0,4,1/8/15,12:00:00 AM,2457030.3333333300000000,0.1501802418434900,287.0707864596390000,5763.8751852216100000,0.0167023180155685,0.1320983889662830,287.2028848486050000,5764.0072836105700000,0.9833381772153330,287.1983973977430000,23.4373381402256000,23.4348604783145000,-71.3582831193163000,-22.3289393862736000,0.0430177989379909,-6.2952625559607200,32.4773793841007000,5:30:18 PM,3:20:23 PM,7:40:12 PM,259.8190350728050000,1109.7047374440400000,97.4261843610098000,113.2569132856140000,-23.2569132856144000,0.0134255720559614,-23.2434877135584000,266.7424666679220000
65.0,143.0,1,7/15/12,12:00:00 AM,2456123.4583333300000000,0.1253513575176860,113.2118346364300000,4870.0589307838700000,0.0167033626141516,-0.3275737757858530,112.8842608606450000,4869.7313570080900000,1.0164559497885100,112.8828143657920000,23.4376610195828000,23.4364826473951000,114.7030692892830000,21.4957054938060000,0.0430239239371378,-5.9661789833008200,151.8274387845840000,3:33:58 AM,###############################################################################################################################################################################################################################################################,1:41:17 PM,1214.6195102766700000,506.0338210166990000,-53.4915447458252000,55.5251526598583000,34.4748473401417000,0.0234444192038675,34.4982917593456000,#REF!
-68.0,-138.0,-7,9/4/03,12:00:00 AM,2452886.7916666700000000,0.0367362537075020,162.9998745494490000,1679.9993544751400000,0.0167070895471146,-1.6406184705473500,161.3592560789010000,1678.3587360045900000,1.0085614533846100,161.3496996108730000,23.4388133865490000,23.4403185834463000,162.7942663124630000,7.3084510968476000,0.0430384095732428,0.7705068116636070,73.8406217605787000,2:11:14 PM,9:15:52 AM,7:06:36 PM,590.7249740846300000,1308.7705068116600000,147.1926267029160000,115.4831470750470000,-25.4831470750469000,0.0121062193556358,-25.4710408556912000,216.5364001233210000
48.0,-149.0,0,7/2/05,12:00:00 AM,2453553.5000000000000000,0.0549897330595483,100.1391838067760000,2337.1072753795800000,0.0167063220134670,0.0946379683888923,100.2338217751650000,2337.2019133479700000,1.0166867627926300,100.2266006377060000,23.4385760150456000,23.4410011256842000,101.1244875581790000,23.0469153426897000,0.0430409873324558,-3.9663947433213900,119.7431064238060000,9:59:58 PM,2:01:00 PM,5:58:56 AM,957.9448513904510000,840.0336052566790000,30.0084013141696000,34.5009239007604000,55.4990760992396000,0.0110860247503364,55.5101621239900000,234.3397466960310000
48.0,2.0,-13,4/9/07,12:00:00 AM,2454200.0416666700000000,0.0726910791695143,17.4012714781002000,2974.3389238455700000,0.0167055776156230,1.9054684811548600,19.3067399592550000,2976.2443923267200000,1.0015418016591200,19.3023317341311000,23.4383458235299000,23.4408120664280000,17.8140746570647000,7.5559567419439300,0.0430402733034570,-1.6526102059549700,99.7433804721132000,###############################################################################################################################################################################################################################################################,###############################################################################################################################################################################################################################################################,5:32:38 AM,797.9470437769060000,786.3473897940450000,16.5868474485113000,42.8246177608474000,47.1753822391526000,0.0149421969605025,47.1903244361131000,204.6018588999600000
-58.0,-97.0,5,1/27/05,12:00:00 AM,2453397.2916666700000000,0.0507129819758114,306.1728522838970000,2183.1482981078100000,0.0167065018525288,0.7672780071295720,306.9401302910260000,2183.9155761149400000,0.9846836788009970,306.9322736219220000,23.4386316306855000,23.4409135357714000,-50.6715420632952000,-18.5409573302077000,0.0430406565267091,-12.6690461419979000,124.4490541990460000,11:40:40 PM,3:22:52 PM,7:58:28 AM,995.5924335923700000,739.3309538580020000,4.8327384645005500,39.6197982842398000,50.3802017157602000,0.0133496232251478,50.3935513389853000,352.8044622796250000
-66.0,-70.0,-11,3/28/09,12:00:00 AM,2454918.9583333300000000,0.0923739447866800,5.9995871415853800,3682.9033925498600000,0.0167047497953588,1.9041236169758800,7.9037107585612600,3684.8075161668400000,0.9982128586512030,7.9018693274655500,23.4380898639360000,23.4396081612398000,7.2570643428812800,3.1348323902056900,0.0430357266084277,-5.0139450644039800,84.9966657184599000,5:45:01 AM,12:05:02 AM,11:25:00 AM,679.9733257476790000,374.9860549355960000,-86.2534862661010000,91.3420259088402000,-1.3420259088402300,0.2462964279666330,-1.0957294808735900,#REF!
35.0,28.0,6,10/12/08,12:00:00 AM,2454751.2500000000000000,0.0877823408624230,200.6983108630740000,3517.6100120959200000,0.0167049429174200,-1.9022997517595500,198.7960111113140000,3515.7077123441600000,0.9980638111214520,198.7936858860810000,23.4381495739979000,23.4399678691878000,-162.6604902255400000,-7.3628121543328500,0.0430370850622053,13.4322447606642000,85.8375994156694000,3:54:34 PM,10:11:13 AM,9:37:55 PM,686.7007953253550000,1205.4322447606600000,121.3580611901660000,119.7531547771060000,-29.7531547771059000,0.0100941160412860,-29.7430606610646000,282.7121225577730000
-76.0,17.0,3,8/23/08,12:00:00 AM,2454701.3750000000000000,0.0864168377823409,151.5391487027590000,3468.4531980814500000,0.0167050003492110,-1.4129287354703700,150.1262199672890000,3467.0402693459800000,1.0112340445520100,150.1237347251870000,23.4381673312509000,23.4400667319803000,152.2077707204290000,11.4288178580332000,0.0430374584262003,-2.6886744466444500,41.4524795438735000,1:54:41 PM,11:08:53 AM,4:40:30 PM,331.6198363509880000,1325.3113255533600000,151.3278313883390000,113.5977472152360000,-23.5977472152365000,0.0132084237642913,-23.5845387914722000,210.8770952574960000
73.0,-35.0,-13,8/26/08,12:00:00 AM,2454705.0416666700000000,0.0865172256445315,155.1531890284720000,3472.0670657782900000,0.0167049961270069,-1.4905142334615600,153.6626747950110000,3470.5765515448200000,1.0104411782868900,153.6602015529800000,23.4381660257887000,23.4400595992415000,155.5706238533700000,10.1657695187484000,0.0430374314887289,-1.6869000537625400,129.5699525532630000,1:21:41 AM,###############################################################################################################################################################################################################################################################,9:59:58 AM,1036.5596204261100000,638.3130999462370000,-20.4217250134406000,63.9931041384181000,26.0068958615819000,0.0329129475037085,26.0398088090856000,#REF!
62.0,-140.0,8,12/11/11,12:00:00 AM,2455906.1666666700000000,0.1194022359114720,259.0388765589500000,4655.8962031242400000,0.0167036128818605,-0.7968435731029250,258.2420329858470000,4655.0993595511300000,0.9848014443501220,258.2409401055820000,23.4377383830557000,23.4370370404534000,-102.7830691671970000,-22.9167834192198000,0.0430260173271532,7.2644690011342900,40.4052661450874000,5:12:44 AM,2:31:07 AM,7:54:21 AM,323.2421291606990000,407.2644690011340000,-78.1838827497164000,104.7894480341650000,-14.7894480341652000,0.0218548698820040,-14.7675931642832000,#REF!
26.0,-1.0,-4,6/19/13,12:00:00 AM,2456462.6666666700000000,0.1346383755418620,87.5516336639330000,5204.3827593092000000,0.0167029719098541,0.5051053300532430,88.0567389939862000,5204.8878646392600000,1.0161071012121600,88.0544071307589000,23.4375402494941000,23.4357184378556000,87.8796317705285000,23.4214013692566000,0.0430210383697708,-1.3186389422326700,103.2325872609220000,8:05:19 AM,1:12:23 AM,2:58:15 PM,825.8606980873760000,234.6813610577670000,-121.3296597355580000,104.7489352083490000,-14.7489352083487000,0.0219176495125136,-14.7270175588361000,#REF!
-8.0,106.0,5,2/19/02,12:00:00 AM,2452324.2916666700000000,0.0213358430298840,328.5732341858840000,1125.5991961423700000,0.0167077370474904,1.3880229092009100,329.9612570950850000,1126.9872190515700000,0.9884560650607050,329.9508152920460000,23.4390136561827000,23.4392913081493000,-27.9575372722214000,-11.4892587553122000,0.0430345300172363,-13.9406347493693000,92.4958522949145000,10:09:56 AM,3:59:57 AM,4:19:55 PM,739.9668183593160000,110.0593652506310000,-152.4851586873420000,146.4019865373200000,-56.4019865373204000,0.0038332904764137,-56.3981532468440000,#REF!
55.0,15.0,2,10/10/05,12:00:00 AM,2453653.4166666700000000,0.0577253023043535,198.6217826365250000,2435.5851701477100000,0.0167062069792760,-1.9088311900951900,196.7129514464290000,2433.6763389576200000,0.9986521588387780,196.7061543882070000,23.4385404412098000,23.4410308363274000,-164.6044885249800000,-6.5663882440664900,0.0430410995426244,12.8797994743335000,82.0169777162685000,12:47:07 PM,7:19:03 AM,6:15:11 PM,656.1358217301480000,1392.8797994743300000,168.2199498685830000,130.6537564098130000,-40.6537564098128000,0.0067192057801216,-40.6470372040327000,344.4942959858970000
-74.0,19.0,5,6/21/07,12:00:00 AM,2454272.2916666700000000,0.0746691763632173,88.6142933383494000,3045.5485441553900000,0.0167054944254192,0.4682565078300210,89.0825498461794000,3046.0168006632200000,1.0161949254735200,89.0784460294160000,23.4383200999927000,23.4407350415999000,88.9955671729251000,23.4375217767465000,0.0430399824019987,-1.5391526030642800,#NUM!,3:45:32 PM,#NUM!,#NUM!,#NUM!,1214.4608473969400000,123.6152118492340000,121.4898143528340000,-31.4898143528341000,0.0094195425881496,-31.4803948102460000,243.6397239980740000
-7.0,-153.0,4,4/20/02,12:00:00 AM,2452384.3333333300000000,0.0229796942733330,27.7531444581409000,1184.7762797133800000,0.0167076679356858,1.8411107001706500,29.5942551583116000,1186.6173904135500000,1.0045215215011700,29.5838494231684000,23.4389922792564000,23.4394106517630000,27.5131979217066000,11.3254812554265000,0.0430349807145826,0.9261831855125260,89.4468909164168000,2:11:04 AM,8:13:17 PM,8:08:52 AM,715.5751273313340000,588.9261831855130000,-32.7684542036219000,37.4002172977361000,52.5997827022639000,0.0123305251599578,52.6121132274239000,#REF!
-15.0,6.0,0,3/2/03,12:00:00 AM,2452700.5000000000000000,0.0316358658453114,339.3819849732660000,1496.3902353792300000,0.0167073039963026,1.6128899568084300,340.9948749300750000,1498.0031253360400000,0.9909492582893080,340.9848941239620000,23.4388797128909000,23.4400078854228000,-17.5460839054498000,-7.4468522605492400,0.0430372361868105,-12.3299157711253000,92.8775899487832000,11:48:20 AM,5:36:49 AM,5:59:50 PM,743.0207195902650000,11.6700842288747000,-177.0824789427810000,157.3675884432880000,-67.3675884432879000,0.0024056496742790,-67.3651827936136000,#REF!
43.0,175.0,5,12/8/14,12:00:00 AM,2456999.2916666700000000,0.1493303673283100,256.4746495770550000,5733.2805098485500000,0.0167023537739945,-0.8768567464729340,255.5977928305820000,5732.4036531020800000,0.9851398329091670,255.5934375905630000,23.4373491921484000,23.4348910243927000,-105.6407941557240000,-22.6561991539680000,0.0430179142697603,8.4256015347221100,68.4260601825017000,5:11:34 AM,12:37:52 AM,9:45:17 AM,547.4084814600140000,408.4256015347220000,-77.8935996163195000,96.9589005208880000,-6.9589005208879900,0.0472731931990209,-6.9116273276889700,#REF!
4.0,-22.0,-8,7/23/18,12:00:00 AM,2458322.8333333300000000,0.1855669632671730,121.0200030742760000,7037.7635475248600000,0.0167008289586382,-0.5724769617215960,120.4475261125550000,7037.1910705631400000,1.0159309842687800,120.4379753102920000,23.4368779649675000,23.4353686023992000,122.6361563878130000,20.0536925784643000,0.0430197174662571,-6.5009370578502100,92.3520617666219000,5:34:30 AM,###############################################################################################################################################################################################################################################################,11:43:55 AM,738.8164941329750000,385.4990629421500000,-83.6252342644625000,82.6479823443454000,7.3520176556546500,0.1166982300583430,7.4687158857129900,#REF!
-19.0,62.0,6,6/13/18,12:00:00 AM,2458282.2500000000000000,0.1844558521560580,81.0191475827996000,6997.7646028212400000,0.0167008757185070,0.7104458183388520,81.7295934011385000,6998.4750486395800000,1.0154990141775200,81.7201509964422000,23.4368924140515000,23.4353065759533000,80.9874638544650000,23.1766803394772000,0.0430194832700160,0.0869516186604243,82.4906755285190000,1:51:55 PM,8:21:57 AM,7:21:53 PM,659.9254042281520000,1328.0869516186600000,152.0217379046650000,153.6056653604110000,-63.6056653604107000,0.0028635417872047,-63.6028018186235000,284.0353943944480000
14.0,119.0,12,8/22/08,12:00:00 AM,2454700.0000000000000000,0.0863791923340178,150.1838835805610000,3467.0979976950800000,0.0167050019325369,-1.3824276914360500,148.8014558891250000,3465.7155700036400000,1.0115201079642100,148.7989661375010000,23.4381678207992000,23.4400694011373000,150.9405499604820000,11.8922546105803000,0.0430374685065300,-3.0399124965353300,93.8886833284242000,4:07:02 PM,9:51:29 AM,10:22:36 PM,751.1094666273930000,1192.9600875034600000,118.2400218758660000,113.5409195604030000,-23.5409195604025000,0.0132442169893030,-23.5276753434132000,289.8941253398860000
54.0,-5.0,12,7/11/07,12:00:00 AM,2454292.0000000000000000,0.0752087611225188,108.0397600862600000,3064.9730830287700000,0.0167054717326482,-0.1625635614858310,107.8771965247740000,3064.8105194672800000,1.0166456654656000,107.8731745735220000,23.4383130831339000,23.4407121514624000,109.3656169396020000,22.2470752904342000,0.0430398959524896,-5.3149011144170500,126.1381068412540000,12:25:19 AM,4:00:46 PM,8:49:52 AM,1009.1048547300300000,694.6850988855830000,-6.3287252786042500,32.1120717847456000,57.8879282152544000,0.0101238407583525,57.8980520560128000,#REF!
45.0,16.0,-1,10/13/17,12:00:00 AM,2458039.5416666700000000,0.1778108601414510,201.7943188128960000,6758.5512014807800000,0.0167011553590361,-1.8980844233846500,199.8962343895110000,6756.6531170573900000,0.9977913998163700,199.8875446492370000,23.4369788267003000,23.4349856936008000,-161.6385240466160000,-7.7754152444625600,0.0430182717100726,13.7076785760324000,83.3505117263252000,9:42:18 AM,4:08:53 AM,3:15:42 PM,666.8040938106010000,137.7076785760320000,-145.5730803559920000,132.3422641933840000,-42.3422641933840000,0.0063317580241215,-42.3359324353599000,#REF!
-35.0,102.0,-8,10/27/18,12:00:00 AM,2458418.8333333300000000,0.1881953000228200,215.6421499479020000,7132.3811744194600000,0.0167007183467794,-1.7834913925239700,213.8586585553780000,7130.5976830269300000,0.9938826692482560,213.8488732173880000,23.4368437856160000,23.4355235767820000,-148.3938434194630000,-12.7989107258628000,0.0430203026135188,16.1485184323793000,100.2107370851850000,###############################################################################################################################################################################################################################################################,###############################################################################################################################################################################################################################################################,3:36:42 AM,801.6858966814800000,904.1485184323790000,46.0371296080948000,47.0324282282893000,42.9675717717107000,0.0173024633267053,42.9848742350374000,286.4172976223060000
16.0,143.0,-6,9/14/17,12:00:00 AM,2458010.7500000000000000,0.1770225872689940,173.4158884835110000,6730.1741267459300000,0.0167011885311015,-1.7874232709434200,171.6284652125680000,6728.3867034749800000,1.0059101667470100,171.6198755522100000,23.4369890775404000,23.4349539050372000,172.3024812773780000,3.3228322695726400,0.0430181516865581,4.3953084518932000,91.8221818033639000,###############################################################################################################################################################################################################################################################,###############################################################################################################################################################################################################################################################,2:30:54 AM,734.5774544269110000,936.3953084518930000,54.0988271129733000,54.6406978869313000,35.3593021130687000,0.0226895310514371,35.3819916441202000,262.5571644237910000
2.0,-97.0,-11,9/4/11,12:00:00 AM,2455808.9583333300000000,0.1167408167921560,163.2257392327340000,4560.0876425018000000,0.0167037248395639,-1.6417938535915500,161.5839453791420000,4558.4458486482100000,1.0085377619675400,161.5829514513240000,23.4377729926404000,23.4372953762573000,163.0113798796350000,7.2188821005373600,0.0430269928228295,0.8372175004974470,91.0936356334146000,7:27:10 AM,1:22:47 AM,1:31:32 PM,728.7490850673170000,272.8372175004970000,-111.7906956248760000,111.3254304849090000,-21.3254304849095000,0.0147798982100473,-21.3106505866994000,#REF!
-61.0,146.0,-11,2/19/00,12:00:00 AM,2451593.9583333300000000,0.0013404061145377,328.7221120087400000,405.7824571259890000,0.0167085776531205,1.3923663232742300,330.1144783320140000,407.1748234492630000,0.9884946340321380,330.1047545680350000,23.4392736802463000,23.4379001732336000,-27.8107428450327000,-11.4344856541806000,0.0430292766291050,-13.9293706056156000,113.2961874356770000,###############################################################################################################################################################################################################################################################,###############################################################################################################################################################################################################################################################,###############################################################################################################################################################################################################################################################,906.3694994854200000,1230.0706293943800000,127.5176573485960000,96.6613503544031000,-6.6613503544030600,0.0494052604188980,-6.6119450939841600,231.5090911886330000
38.0,14.0,6,4/16/13,12:00:00 AM,2456398.2500000000000000,0.1328747433264890,24.0595160704561000,5140.8936745674300000,0.0167030461074379,1.8718123814993600,25.9313284519554000,5142.7654869489300000,1.0034253909127600,25.9291930376345000,23.4375631840910000,23.4358516105973000,24.0414015658735000,10.0151157699209000,0.0430215412071972,0.0734914504269756,99.0159168802987000,5:03:56 PM,10:27:52 AM,11:39:59 PM,792.1273350423900000,1136.0734914504300000,104.0183728626070000,94.6405928895327000,-4.6405928895326800,0.0710843287118467,-4.5695085608208400,286.5490540879900000
-82.0,53.0,-7,2/19/18,12:00:00 AM,2458168.7916666700000000,0.1813495322838200,329.1892404994800000,6885.9400376983700000,0.0167010064428458,1.3953866754323300,330.5846271749120000,6887.3354243738000000,0.9885335175596580,330.5755153096300000,23.4369328091821000,23.4351453348666000,-27.3619032923001000,-11.2672595007481000,0.0430188744675028,-13.8530401940050000,#NUM!,1:41:51 AM,#NUM!,#NUM!,#NUM!,618.1469598059950000,-25.4632600485013000,71.5355333312509000,18.4644666687491000,0.0478171013730888,18.5122837701221000,#REF!
3.0,18.0,12,2/2/10,12:00:00 AM,2455229.0000000000000000,0.1008624229979470,311.5913379296980000,3988.4805463107100000,0.0167043927573764,0.9298057103746430,312.5211436400720000,3989.4103520210800000,0.9853830651553440,312.5199465578490000,23.4379794782015000,23.4388533011043000,-45.0160311883947000,-17.0480352301922000,0.0430328759195123,-13.5982057447850000,89.9516652515253000,11:01:36 PM,5:01:47 PM,5:01:24 AM,719.6133220122020000,778.4017942552150000,14.6004485638038000,24.6909695191965000,65.3090304808035000,0.0074180887791164,65.3164485695826000,215.2354177791140000
-24.0,146.0,2,7/29/04,12:00:00 AM,2453215.4166666700000000,0.0457335158567149,126.9082385084080000,2003.8922469429200000,0.0167067112351940,-0.7608292833046640,126.1474092251030000,2003.1314176596200000,1.0153208830061000,126.1388702641880000,23.4386963845540000,23.4407519925377000,128.5176704963960000,18.7391255517102000,0.0430400464209080,-6.4700833206260000,82.2855659659174000,4:22:28 AM,###############################################################################################################################################################################################################################################################,9:51:37 AM,658.2845277273390000,457.5299166793740000,-65.6175208301565000,76.9103345311742000,13.0896654688258000,0.0678978161207194,13.1575632849465000,#REF!
50.0,-155.0,-2,8/18/16,12:00:00 AM,2457618.5833333300000000,0.1662856490987950,146.8778476216250000,6343.6545501628700000,0.0167016403467976,-1.3013772687008200,145.5764703529240000,6342.3531728941700000,1.0122154592880200,145.5694164367500000,23.4371287025999000,23.4346751296833000,147.8319689507190000,12.9949007781785000,0.0430170991271741,-3.8454461308852000,107.3518021549430000,8:23:51 PM,1:14:26 PM,3:33:15 AM,858.8144172395410000,936.1545538691150000,54.0386384672787000,57.3123178770406000,32.6876821229594000,0.0250774227989465,32.7127595457583000,249.5692512719450000
41.0,-45.0,11,7/5/07,12:00:00 AM,2454286.0416666700000000,0.0750456308464480,102.1669445576970000,3059.1005480204400000,0.0167054785932611,0.0294355051717490,102.1963800628680000,3059.1299835256100000,1.0167045222778300,102.1923334187010000,23.4383152045098000,23.4407191559243000,103.2518686142860000,22.8815508940976000,0.0430399224063305,-4.3510178979830600,112.8164162486830000,2:04:21 AM,6:33:05 PM,9:35:37 AM,902.5313299894620000,595.6489821020170000,-31.0877544744958000,31.7282698166090000,58.2717301833910000,0.0099739908090081,58.2817041742000000,#REF!
-59.0,-72.0,-13,5/24/14,12:00:00 AM,2456802.0416666700000000,0.1439299566506920,62.0557073044665000,5538.8708545217400000,0.0167025809917163,1.2393344311489000,63.2950417356154000,5540.1101889528900000,1.0127003464767300,63.2914964904145000,23.4374194200730000,23.4351315846276000,61.2610489766449000,20.8104035765310000,0.0430188225505540,3.1603164051736300,52.9616769608459000,3:44:50 AM,12:13:00 AM,7:16:41 AM,423.6934156867670000,495.1603164051740000,-56.2099208987066000,92.1077694592944000,-2.1077694592944500,0.1567759217546940,-1.9509935375397500,#REF!
-31.0,-52.0,10,10/15/18,12:00:00 AM,2458406.0833333300000000,0.1878462240474600,203.0751460660060000,7119.8147708476400000,0.0167007330375177,-1.8921461081508600,201.1829999578550000,7117.9226247394900000,0.9974260716772430,201.1732439514340000,23.4368483250610000,23.4355023629120000,-160.4355393060550000,-8.2591624717621000,0.0430202225146202,14.0186150654687000,95.9901284582870000,1:13:59 AM,6:50:01 PM,7:37:57 AM,767.9210276662960000,646.0186150654690000,-18.4953462336328000,28.5441945781441000,61.4558054218559000,0.0087756984753598,61.4645811203313000,#REF!
-38.0,-89.0,-7,7/30/15,12:00:00 AM,2457233.7916666700000000,0.1557506274241340,127.6089561294550000,5964.4037756119800000,0.0167020836373537,-0.7759790986767610,126.8329770307780000,5963.6277965133000000,1.0152574475561500,126.8276035789890000,23.4372657019208000,23.4347113215911000,129.2202903003360000,18.5625111044654000,0.0430172357745217,-6.4648068955797100,75.9421677174337000,11:02:28 AM,5:58:42 AM,4:06:14 PM,607.5373417394690000,57.5351931044203000,-165.6162017238950000,156.8660329441520000,-66.8660329441516000,0.0024651575884735,-66.8635677865631000,#REF!
73.0,42.0,9,2/14/10,12:00:00 AM,2455241.1250000000000000,0.1011943874058860,323.5423121920260000,4000.4309497163100000,0.0167043787940901,1.2613389771052200,324.8036511691310000,4001.6922886934200000,0.9874054585213130,324.8024720882570000,23.4379751612752000,23.4388219651242000,-32.9091436996539000,-13.2542888797154000,0.0430327575830693,-14.2269849167354000,43.9986211698797000,6:26:14 PM,3:30:14 PM,9:22:13 PM,351.9889693590380000,1053.7730150832600000,83.4432537708162000,100.7637210095560000,-10.7637210095563000,0.0303517990986799,-10.7333692104576000,259.8383428596980000
-84.0,29.0,10,3/27/15,12:00:00 AM,2457108.0833333300000000,0.1523089208304860,3.7048689076418700,5840.5056070267500000,0.0167022284507075,1.8938977180603000,5.5987666257021700,5842.3995047448100000,0.9975184158497290,5.5939439241724500,23.4373104584973000,23.4347929508435000,5.1350947168645400,2.2217641823021400,0.0430175439774522,-5.7154503775641300,76.7066162132253000,8:09:43 PM,3:02:53 PM,1:16:33 AM,613.6529297058030000,950.2845496224360000,57.5711374056090000,88.9997680311402000,1.0002319688598200,0.3633445910277780,1.3635765598876000,302.4828831746700000
59.0,129.0,-10,4/9/13,12:00:00 AM,2456391.9166666700000000,0.1327013461099660,17.8170827752992000,5134.6515394567600000,0.0167030534023713,1.9041482674576800,19.7212310427569000,5136.5556877242200000,1.0016321064392200,19.7191142738255000,23.4375654389802000,23.4358650378829000,18.2039684376129000,7.7120853014013600,0.0430215919065008,-1.5407852535304100,104.7061477186530000,###############################################################################################################################################################################################################################################################,###############################################################################################################################################################################################################################################################,12:24:22 AM,837.6491817492230000,1114.4592147464700000,98.6148036866174000,87.7891185142237000,2.2108814857762800,0.2704191484848500,2.4813006342611300,281.3321490566090000
16.0,144.0,-8,2/8/15,12:00:00 AM,2457061.8333333300000000,0.1510426648414370,318.1186783835780000,5794.9215940560100000,0.0167022817289786,1.1146403090045300,319.2333186925830000,5796.0362343650200000,0.9863995240224230,319.2286960675770000,23.4373269251202000,23.4348315658364000,-38.3501440038384000,-15.0533483694135000,0.0430176897743033,-14.1713968744747000,86.4764932962205000,###############################################################################################################################################################################################################################################################,###############################################################################################################################################################################################################################################################,12:24:05 AM,691.8119463697640000,1041.8286031255300000,80.4571507813813000,85.2788598637431000,4.7211401362569500,0.1668164717813110,4.8879566080382600,252.8552989758720000
-37.0,-3.0,7,5/24/05,12:00:00 AM,2453514.2083333300000000,0.0539139858544418,61.4114562449536000,2298.3813976616400000,0.0167063672494955,1.2518353844255800,62.6632916293791000,2299.6332330460600000,1.0126112582711600,62.6559071025760000,23.4385900042559000,23.4409837442409000,60.5931036750673000,20.6926724183442000,0.0430409216868726,3.2389422407736400,74.6226330668972000,7:08:46 PM,2:10:16 PM,12:07:15 AM,596.9810645351770000,1011.2389422407700000,72.8097355601934000,89.5329110464719000,0.4670889535281050,0.4206233240362040,0.8877122775643080,296.6543229264800000
-50.0,-148.0,7,9/1/05,12:00:00 AM,2453614.2083333300000000,0.0566518366415740,159.9761923531630000,2396.9414257876000000,0.0167062521201082,-1.5861949356024100,158.3899974175600000,2395.3552308519900000,1.0093075986407400,158.3830326195650000,23.4385544007510000,23.4410216806675000,160.0204333537900000,8.4271198100524000,0.0430410649638161,-0.2159057158181190,81.1588704382943000,4:52:13 AM,11:27:35 PM,10:16:51 AM,649.2709635063550000,427.7840942841820000,-73.0539764289545000,85.8098862842408000,4.1901137157592100,0.1825940044129450,4.3727077201721600,#REF!
-3.0,-120.0,13,1/16/10,12:00:00 AM,2455211.9583333300000000,0.1003958475929770,294.7942641385800000,3971.6842748575700000,0.0167044123827041,0.3957364881265470,295.1900006267060000,3972.0800113456900000,0.9836544617686060,295.1887772903840000,23.4379855456341000,23.4388971575014000,-62.8592175192714000,-21.0969405475817000,0.0430330415380528,-9.3876952013595600,92.0529564727532000,9:09:23 AM,3:01:11 AM,3:17:36 PM,736.4236517820250000,170.6123047986400000,-137.3469238003400000,131.7894112191660000,-41.7894112191662000,0.0064557945572235,-41.7829554246090000,#REF!
-59.0,-161.0,-4,5/10/12,12:00:00 AM,2456057.6666666700000000,0.1235500798539770,48.3644519293803000,4805.2146456506600000,0.0167034383912655,1.5449904041447300,49.9094423335250000,4806.7596360548100000,1.0098164703714900,49.9081217012825000,23.4376844437291000,23.4366463558162000,47.4626244118475000,17.7143816473546000,0.0430245420949397,3.5990149630206800,59.8697481225322000,6:40:24 PM,2:40:55 PM,10:39:53 PM,478.9579849802570000,1039.5990149630200000,79.8997537407552000,100.0653947897470000,-10.0653947897475000,0.0325062989881909,-10.0328884907593000,287.7337719417160000
-56.0,110.0,0,11/4/11,12:00:00 AM,2455869.5000000000000000,0.1183983572895280,222.8984732806980000,4619.7575261645000000,0.0167036551121524,-1.6788503304945600,221.2196229502040000,4618.0786758340100000,0.9919233696426510,221.2185717996370000,23.4377514376783000,23.4371339158553000,-141.2099971503340000,-15.1938655933335000,0.0430263831346481,16.4771198755847000,115.4404320373720000,4:23:31 AM,###############################################################################################################################################################################################################################################################,12:05:17 PM,923.5234562989790000,456.4771198755850000,-65.8807200311038000,64.0364863146105000,25.9635136853895000,0.0329756432827181,25.9964893286723000,#REF!
38.0,13.0,-8,2/24/06,12:00:00 AM,2453790.8333333300000000,0.0614875655943460,334.0661575153930000,2571.0230754594400000,0.0167060487681878,1.5078576286849300,335.5740151440780000,2572.5309330881200000,0.9896641263700500,335.5678159835800000,23.4384915160576000,23.4410369513838000,-22.6265880870422000,-9.4704274395218300,0.0430411226377857,-13.2676116102959000,83.5910678642513000,3:21:16 AM,###############################################################################################################################################################################################################################################################,8:55:38 AM,668.7285429140110000,518.7323883897040000,-50.3169029025740000,66.7328396335599000,23.2671603664401000,0.0372903258548337,23.3044506922949000,#REF!
-28.0,174.0,-10,5/30/14,12:00:00 AM,2456807.9166666700000000,0.1440908053844360,67.8463855594791000,5544.6612561697600000,0.0167025742242484,1.0884468048179800,68.9348323642971000,5545.7497029745800000,1.0137175559683700,68.9312638925746000,23.4374173283667000,23.4351232897349000,67.2236196322022000,21.7849173769161000,0.0430187912314406,2.4732306246400500,78.7684476978717000,###############################################################################################################################################################################################################################################################,###############################################################################################################################################################################################################################################################,###############################################################################################################################################################################################################################################################,630.1475815829740000,1298.4732306246400000,144.6183076561600000,147.4262599992400000,-57.4262599992400000,0.0036863439158680,-57.4225736553241000,267.0457160876620000
-79.0,84.0,3,4/10/13,12:00:00 AM,2456392.3750000000000000,0.1327138945927450,18.2688378165376000,5135.1032729188600000,0.0167030528744487,1.9025564242160400,20.1713942407536000,5137.0058293430800000,1.0017628940420800,20.1692761265865000,23.4375652757975000,23.4358640642114000,18.6247392591072000,7.8819566696247400,0.0430215882300701,-1.4172633265592500,50.5580457963504000,9:25:25 AM,6:03:11 AM,12:47:39 PM,404.4643663708030000,154.5827366734410000,-141.3543158316400000,106.3934254980200000,-16.3934254980203000,0.0196130869400905,-16.3738124110802000,#REF!
61.0,-163.0,5,9/7/11,12:00:00 AM,2455811.2916666700000000,0.1168046999771800,165.5255830773340000,4562.3873764899000000,0.0167037221522161,-1.6795843359158100,163.8459987414180000,4560.7077921539800000,1.0079595806304100,163.8450028795100000,23.4377721618917000,23.4372891228970000,165.1162409557720000,6.3537843029819300,0.0430269692095234,1.6145150219286000,103.3592248193280000,3:50:23 AM,8:56:57 PM,10:43:49 AM,826.8737985546240000,489.6145150219290000,-57.5963712445179000,69.2068070113517000,20.7931929886483000,0.0421490395520722,20.8353420282004000,#REF!
-28.0,29.0,-12,5/7/12,12:00:00 AM,2456055.0000000000000000,0.1234770704996580,45.7360589636273000,4802.5863782356600000,0.0167034414626448,1.5946100328282100,47.3306689964555000,4804.1809882684800000,1.0091924179117100,47.3293531280449000,23.4376853931562000,23.4366530757036000,44.8652756427089000,17.0040521859438000,0.0430245674691239,3.4753829191452800,81.6405468559493000,###############################################################################################################################################################################################################################################################,###############################################################################################################################################################################################################################################################,3:27:05 AM,653.1243748475940000,839.4753829191450000,29.8688457297863000,53.4944990202718000,36.5055009797282000,0.0217582221923567,36.5272592019206000,323.6659400214070000
-85.0,148.0,-8,7/30/11,12:00:00 AM,2455772.8333333300000000,0.1157517681953040,127.6192282770800000,4524.4828323598400000,0.0167037664453340,-0.7784241026683790,126.8408041744110000,4523.7044082571700000,1.0152497364458800,126.8398373987340000,23.4377858544107000,23.4373924595124000,129.2333499400890000,18.5615110147338000,0.0430273594196916,-6.4579498549010100,#NUM!,###############################################################################################################################################################################################################################################################,#NUM!,#NUM!,#NUM!,1065.5420501451000000,86.3855125362747000,108.1739224036160000,-18.1739224036157000,0.0175765123055437,-18.1563458913102000,275.2707584529240000
64.0,0.0,1,6/19/04,12:00:00 AM,2453175.4583333300000000,0.0446395163130319,87.5234127121726000,1964.5093023678300000,0.0167067572361794,0.5012184075441560,88.0246311197167000,1965.0105207753800000,1.0161203385511600,88.0159523879089000,23.4387106111193000,23.4407084821069000,87.8376472481326000,23.4258164013787000,0.0430398820943909,-1.2913077467581000,157.5909247918010000,1:01:17 PM,2:30:56 AM,11:31:39 PM,1260.7273983344100000,1378.7086922532400000,164.6771730633100000,91.7543369640508000,-1.7543369640507500,0.1883864584716380,-1.5659505055791100,345.9605589433340000
45.0,165.0,-6,10/8/02,12:00:00 AM,2452555.7500000000000000,0.0276728268309377,196.7095295182230000,1353.7245946356900000,0.0167074706203535,-1.9127331437535000,194.7967963744700000,1351.8118614919300000,0.9991940524523180,194.7865729378590000,23.4389312489440000,23.4397428289620000,-166.3863105363910000,-5.8268325729925900,0.0430362351846193,12.3404197040612000,85.3319500695245000,###############################################################################################################################################################################################################################################################,###############################################################################################################################################################################################################################################################,12:28:59 AM,682.6556005561960000,1032.3404197040600000,78.0851049260153000,85.7880084066332000,4.2119915933667600,0.1818906076008510,4.3938822009676100,257.4313785256950000
45.0,12.0,-13,7/25/16,12:00:00 AM,2457595.0416666700000000,0.1656411133926490,123.6740659525850000,6320.4518768965100000,0.0167016674682511,-0.6558956927303590,123.0181702598550000,6319.7959812037800000,1.0156832029645900,123.0112163363950000,23.4371370842578000,23.4346682001345000,125.3020678978250000,19.4813190328503000,0.0430170729637704,-6.5377422527653100,112.0589386558380000,###############################################################################################################################################################################################################################################################,###############################################################################################################################################################################################################################################################,5:46:46 AM,896.4715092467040000,821.4622577472350000,25.3655644368087000,33.0518350794804000,56.9481649205196000,0.0104961332267504,56.9586610537463000,227.7740129480790000
66.0,175.0,11,8/15/11,12:00:00 AM,2455788.0416666700000000,0.1161681496691720,142.6092819085520000,4539.4721699625900000,0.0167037489296709,-1.1974067888832600,141.4118751196680000,4538.2747631737000000,1.0130058174005300,141.4108975531840000,23.4377804397093000,23.4373515293724000,143.7905980043940000,14.3643127730823000,0.0430272048628541,-4.7289973176498100,127.7407754393450000,11:24:44 AM,2:53:46 AM,7:55:42 PM,1021.9262035147600000,35.2710026823502000,-171.1822493294120000,99.3651522199352000,-9.3651522199352300,0.0349857878932822,-9.3301664320419400,#REF!
45.0,156.0,-8,3/2/02,12:00:00 AM,2452335.8333333300000000,0.0216518366415740,339.9492474722050000,1136.9746660588300000,0.0167077237623459,1.6234869560862300,341.5727344282910000,1138.5981530149200000,0.9910940542944360,341.5622984255660000,23.4390095469471000,23.4393143290611000,-17.0076287132412000,-7.2273284208878800,0.0430346169547758,-12.2152149269856000,83.9100660337291000,###############################################################################################################################################################################################################################################################,###############################################################################################################################################################################################################################################################,###############################################################################################################################################################################################################################################################,671.2805282698330000,1091.7847850730100000,92.9461962682536000,97.1815534242242000,-7.1815534242241900,0.0457928148337718,-7.1357606093904200,266.9434446809250000
90.0,32.0,-10,2/22/04,12:00:00 AM,2453057.9166666700000000,0.0414214008669818,331.6687791685850000,1848.6602026290200000,0.0167068925511885,1.4573315010864200,333.1261106696720000,1850.1175341301100000,0.9891256836032170,333.1170451042300000,23.4387524600653000,23.4405650095028000,-24.9439669479026000,-10.3622970351002000,0.0430393402415932,-13.6027345956626000,#NUM!,12:05:36 AM,#NUM!,#NUM!,#NUM!,714.3972654043370000,-1.4006836489156500,100.3622970351000000,-10.3622970351002000,0.0315551919344019,-10.3307418431658000,#REF!
2.0,18.0,12,4/7/12,12:00:00 AM,2456024.0000000000000000,0.1226283367556470,15.1809907352026000,4772.0327695342900000,0.0167034771673301,1.9111026673959800,17.0920934025986000,4773.9438722016900000,1.0008718652051300,17.0908309566381000,23.4376964302461000,23.4367316453951000,15.7537108534401000,6.7126283608489600,0.0430248641475868,-2.2786104076725300,91.0747829889787000,10:50:17 PM,4:45:59 PM,4:54:35 AM,728.5982639118300000,789.7213895923270000,17.4303473980819000,18.0023834472695000,71.9976165527305000,0.0052439179312091,72.0028604706617000,285.7228918291020000
-56.0,62.0,9,5/1/15,12:00:00 AM,2457143.1250000000000000,0.1532683093771390,38.2435952421338000,5875.0426835203100000,0.0167021880837469,1.7185492876491800,39.9621445297830000,5876.7612328079600000,1.0072974884693800,39.9571691639710000,23.4372979824345000,23.4347667543757000,37.5500991249307000,14.7979900226081000,0.0430174450688068,2.7543088673174300,68.6069618485246000,4:49:15 PM,12:14:49 PM,9:23:40 PM,548.8556947881970000,1150.7543088673200000,107.6885772168290000,112.0872157370910000,-22.0872157370911000,0.0142188971366950,-22.0729968399544000,263.7599136847160000
0.0,-115.0,9,11/5/18,12:00:00 AM,2458427.1250000000000000,0.1884223134839150,223.8148093350340000,7140.5534434088000000,0.0167007087929820,-1.6654837949863600,222.1493255400470000,7138.8879596138100000,0.9917208155375030,222.1395214318590000,23.4368408334932000,23.4355374713284000,-140.3011359659110000,-15.4765276587903000,0.0430203550763078,16.4722525626222000,90.8643434723577000,4:23:32 AM,10:20:04 PM,10:26:59 AM,726.9147477788610000,456.4722525626220000,-65.8819368593444000,66.8087421432307000,23.1912578567693000,0.0374250986112762,23.2286829553806000,#REF!
3.0,-91.0,0,9/8/17,12:00:00 AM,2458004.5000000000000000,0.1768514715947980,167.2555924641250000,6724.0141249944500000,0.0167011957319632,-1.7044787224538100,165.5511137416710000,6722.3096462720000000,1.0075415455015300,165.5425460800110000,23.4369913027590000,23.4349471938265000,166.6908805527330000,5.6984069550037800,0.0430181263471822,2.2060336036654900,91.1379604093902000,6:01:48 PM,11:57:15 AM,12:06:21 AM,729.1036832751210000,1078.2060336036700000,89.5515084009164000,89.2565798332728000,0.7434201667272480,0.3894078548616110,1.1328280215888600,275.6675791248450000
-82.0,-127.0,-3,8/1/09,12:00:00 AM,2455044.6250000000000000,0.0958145106091718,129.8626055983900000,3806.7604945202800000,0.0167046050822583,-0.8460814132584120,129.0165241851320000,3805.9144131070200000,1.0149718461633500,129.0149853462780000,23.4380451221845000,23.4393143387012000,131.4473340281590000,18.0029352683226000,0.0430346169911812,-6.3429094267038700,#NUM!,5:34:21 PM,#NUM!,#NUM!,#NUM!,1105.6570905733000000,96.4142726433240000,108.7140118168550000,-18.7140118168545000,0.0170330132804153,-18.6969788035741000,266.2346068649280000
44.0,-177.0,-3,1/30/16,12:00:00 AM,2457417.6250000000000000,0.1607837097878170,308.8037963228460000,6145.5899604910100000,0.0167018718598191,0.8424805859804740,309.6462769088270000,6146.4324410769900000,0.9849906864415330,309.6400924435880000,23.4372002508082000,23.4346539846557000,-47.9201688365072000,-17.8338574071506000,0.0430170192914270,-13.1479343730479000,73.1750960884227000,9:01:09 PM,4:08:27 PM,1:53:51 AM,585.4007687073820000,898.8520656269520000,44.7130164067380000,74.1045218817127000,15.8954781182873000,0.0558437586077893,15.9513218768951000,224.1370241526800000
-83.0,-113.0,3,2/13/16,12:00:00 AM,2457431.3750000000000000,0.1611601642710470,322.3564475618520000,6159.1419643461000000,0.0167018560194463,1.2279078511212400,323.5843554129740000,6160.3698721972200000,0.9871606503853780,323.5781105709760000,23.4371953553263000,23.4346526599895000,-34.0976493714905000,-13.6580458489930000,0.0430170142899833,-14.2365186556468000,#NUM!,10:46:14 PM,#NUM!,#NUM!,#NUM!,793.7634813443530000,18.4408703360883000,69.7138562746584000,20.2861437253416000,0.0432799857989197,20.3294237111405000,340.8703036266160000
-57.0,119.0,3,11/11/09,12:00:00 AM,2455146.3750000000000000,0.0986002737850787,230.1522246593160000,3907.0453231025400000,0.0167044879085117,-1.5470998349270200,228.6051248243890000,3905.4982232676200000,0.9901179095410230,228.6037901756780000,23.4380088956069000,23.4390637429169000,-133.8541443614970000,-17.3610315248778000,0.0430336706314833,16.0605030267417000,120.6226509383050000,6:47:56 AM,###############################################################################################################################################################################################################################################################,2:50:26 PM,964.9812075064440000,312.0605030267420000,-101.9848742433150000,81.8185522534381000,8.1814477465618600,0.1060995053494440,8.2875472519113000,#REF!
-41.0,104.0,5,1/26/18,12:00:00 AM,2458144.2916666700000000,0.1806787588409720,305.0408801018270000,6861.7928308334400000,0.0167010346709167,0.7245099635176300,305.7653900653440000,6862.5173407969500000,0.9845329074354580,305.7563546440250000,23.4369415320383000,23.4351130226286000,-51.8750725205649000,-18.8290437423106000,0.0430187524658364,-12.3856364986927000,108.4679072639510000,10:16:23 AM,3:02:31 AM,5:30:15 PM,867.7432581116120000,103.6143635013070000,-154.0964091246730000,115.5192386452660000,-25.5192386452664000,0.0120866104864475,-25.5071520347800000,#REF!
-47.0,-1.0,5,10/23/18,12:00:00 AM,2458414.2916666700000000,0.1880709559662290,211.1656681726630000,7127.9049064801800000,0.0167007235797583,-1.8325273065523700,209.3331408661100000,7126.0723791736200000,0.9951210423845150,209.3233659112990000,23.4368454026078000,23.4355159990018000,-152.7346101603820000,-11.2316970603126000,0.0430202740014813,15.5976395119602000,103.5730217643750000,4:48:24 PM,9:54:07 AM,11:42:42 PM,828.5841741149960000,1151.5976395119600000,107.8994098779900000,93.6203274942591000,-3.6203274942591400,0.0911952182566257,-3.5291322760025200,249.2667134701140000
-2.0,22.0,2,9/26/08,12:00:00 AM,2454735.4166666700000000,0.0873488478211228,185.0922276373020000,3502.0046743134500000,0.0167049611497858,-1.8898048871053400,183.2024227501960000,3500.1148694263500000,1.0025972083784600,183.2000474845080000,23.4381552112211000,23.4399996810604000,-177.0635466741380000,-1.2723849819898400,0.0430372052023373,8.5883048762123400,90.8781582999154000,12:23:25 PM,6:19:54 AM,6:26:55 PM,727.0252663993230000,1416.5883048762100000,174.1470762190530000,173.2951865852140000,-83.2951865852139000,0.0006783106495658,-83.2945082745643000,240.8329905738850000
-55.0,23.0,8,9/7/18,12:00:00 AM,2458368.1666666700000000,0.1868081222906640,165.7026835415480000,7082.4440935583800000,0.0167007767254786,-1.6801900099953400,164.0224935315530000,7080.7639035483900000,1.0079437153051200,164.0128280728470000,23.4368618247180000,23.4354403940191000,165.2719125646650000,6.2887789981460500,0.0430199885341978,1.6678473642446300,82.4214038686386000,6:26:20 PM,12:56:39 PM,11:56:01 PM,659.3712309491090000,1053.6678473642400000,83.4169618410612000,91.3963653054514000,-1.3963653054513500,0.2367082530893820,-1.1596570523619700,278.9876023124060000
17.0,160.0,11,7/2/09,12:00:00 AM,2455014.0416666700000000,0.0949771845767697,99.7182237847760000,3776.6175525952700000,0.0167046403011736,0.1106325481179730,99.8288563328940000,3776.7281851433800000,1.0166775225760000,99.8272488590118000,23.4380560109264000,23.4393875527357000,100.6915520094120000,23.0753922114267000,0.0430348934816445,-3.8941783873726800,98.4400497498240000,12:23:54 PM,5:50:08 AM,6:57:39 PM,787.5203979985920000,1416.1058216126300000,174.0264554031570000,139.5013049128790000,-49.5013049128790000,0.0049278182887309,-49.4963770945902000,351.5222393917220000
-43.0,95.0,3,3/22/15,12:00:00 AM,2457103.3750000000000000,0.1521800136892540,359.0641125748140000,5835.8650723728400000,0.0167022338745501,1.8651715555211000,360.9292841303350000,5837.7302439283600000,0.9961861215054810,360.9244818755580000,23.4373121348292000,23.4347966722636000,0.8482360239321040,0.3676578049022860,0.0430175580282350,-7.1315954170397800,90.7961415638910000,8:47:08 AM,2:43:57 AM,2:50:19 PM,726.3691325111280000,192.8684045829600000,-131.7828988542600000,119.4506978686100000,-29.4506978686101000,0.0102189474843894,-29.4404789211257000,#REF!
-23.0,106.0,6,1/13/06,12:00:00 AM,2453748.2500000000000000,0.0603216974674880,292.0940073851860000,2529.0529301510000000,0.0167060977957794,0.3075541477232540,292.4015615329090000,2529.3604842987200000,0.9835100890046810,292.3951757623440000,23.4385066772178000,23.4410394122392000,-65.8132800233957000,-21.5801207902443000,0.0430411319318725,-8.3918723129899400,100.6538587608540000,11:04:24 AM,4:21:47 AM,5:47:00 PM,805.2308700868300000,55.6081276870100000,-166.0979680782480000,133.4085702732660000,-43.4085702732660000,0.0060997760121569,-43.4024704972539000,#REF!
21.0,137.0,-3,11/2/07,12:00:00 AM,2454406.6250000000000000,0.0783470225872690,221.0195888912010000,3177.9475152474100000,0.0167053397484945,-1.7074993211076600,219.3120895700940000,3176.2400159263100000,0.9923921686299950,219.3085319324940000,23.4382722726078000,23.4405634282274000,-143.0871753164740000,-14.5960819500946000,0.0430393342696129,16.4603230713918000,85.1889898457694000,###############################################################################################################################################################################################################################################################,###############################################################################################################################################################################################################################################################,5:16:18 AM,681.5119187661550000,744.4603230713920000,6.1150807678479600,36.0990280009656000,53.9009719990344000,0.0117607267874038,53.9127327258218000,190.0767669172190000
-74.0,-13.0,-8,8/22/13,12:00:00 AM,2456526.8333333300000000,0.1363951631302800,150.7973394191480000,5267.6254439803400000,0.0167028979994462,-1.3942147258470100,149.4031246933010000,5266.2312292544900000,1.0114080665067500,149.4005853127050000,23.4375174039062000,23.4355921992965000,151.5157461054050000,11.6803468455225000,0.0430205617175655,-2.8874763230081200,48.1561678278329000,4:54:53 AM,1:42:16 AM,8:07:31 AM,385.2493426226630000,425.1125236769920000,-73.7218690807520000,96.8313597165562000,-6.8313597165561900,0.0481644383635773,-6.7831952781926200,#REF!
-90.0,-84.0,-9,2/22/03,12:00:00 AM,2452692.8750000000000000,0.0314271047227926,331.8664238480220000,1488.8750332331000000,0.0167073127736619,1.4620775701132300,333.3285014181350000,1490.3371108032200000,0.9891735684607980,333.3185058737850000,23.4388824276572000,23.4399943779057000,-24.7530902928867000,-10.2893367731886000,0.0430371851745284,-13.5788590342613000,#NUM!,8:49:35 AM,#NUM!,#NUM!,#NUM!,190.4211409657390000,-132.3947147585650000,79.7106632268114000,10.2893367731886000,0.0857717310889221,10.3751085042775000,#REF!
84.0,42.0,2,4/29/10,12:00:00 AM,2455315.4166666700000000,0.1032283823864890,36.7676974501464000,4073.6528372487300000,0.0167042932383619,1.7385255768912600,38.5062230270377000,4075.3913628256200000,1.0069344376351900,38.5051417956614000,23.4379487108294000,23.4386277706910000,36.1270627572440000,14.3381058779849000,0.0430320242358030,2.5588220485870500,#NUM!,11:09:26 AM,#NUM!,#NUM!,#NUM!,50.5588220485870000,-167.3602944878530000,81.5197445777415000,8.4802554222584700,0.1027007587881090,8.5829561810465800,#REF!
41.0,-50.0,3,12/22/08,12:00:00 AM,2454822.3750000000000000,0.0897296372347707,270.8024794595640000,3587.7108320804700000,0.0167048610151262,-0.4159081659810680,270.3865712935830000,3587.2949239144800000,0.9836918764196330,270.3844618171840000,23.4381242509979000,23.4398202463625000,-89.5809593584501000,-23.4392609982872000,0.0430365275549392,1.5150852676251400,69.1522619335839000,6:18:29 PM,1:41:53 PM,10:55:06 PM,553.2180954686710000,1061.5150852676300000,85.3787713169063000,101.8398548313450000,-11.8398548313448000,0.0275237742963926,-11.8123310570484000,249.1279871345040000
-52.0,160.0,-6,5/16/13,12:00:00 AM,2456428.7500000000000000,0.1337097878165640,54.1217606229611000,5170.9544831258200000,0.0167030109764680,1.4258554706600400,55.5476160936212000,5172.3803385964800000,1.0111057092820500,55.5453891930533000,23.4375523250192000,23.4357877755820000,53.2107024759991000,19.1444380271797000,0.0430213001767338,3.6315312111576500,65.2073644035982000,###############################################################################################################################################################################################################################################################,###############################################################################################################################################################################################################################################################,###############################################################################################################################################################################################################################################################,521.6589152287860000,1003.6315312111600000,70.9078828027894000,93.9100540684548000,-3.9100540684547600,0.0844191077241057,-3.8256349607306500,296.5154878273710000
79.0,-156.0,-10,2/4/14,12:00:00 AM,2456692.9166666700000000,0.1409422769792340,314.4969388684860000,5431.3172239093400000,0.0167027066926419,1.0128423366487000,315.5097812051350000,5432.3300662459900000,0.9858088487357340,315.5066551663170000,23.4374582724053000,23.4352977143685000,-42.0322855561965000,-16.1842977251729000,0.0430194498109596,-13.9216303292155000,#NUM!,12:37:55 PM,#NUM!,#NUM!,#NUM!,1402.0783696707800000,170.5195924176960000,117.0232077006590000,-27.0232077006585000,0.0113129321792349,-27.0118947684793000,349.7717803933310000
15.0,95.0,3,9/22/02,12:00:00 AM,2452539.3750000000000000,0.0272245037645448,180.5695539880710000,1337.5853900262300000,0.0167074894696286,-1.8610814478860800,178.7084725401850000,1335.7243085783400000,1.0038576347060600,178.6982266898760000,23.4389370790154000,23.4397118227645000,178.8056176246210000,0.5177869529036930,0.0430361180886112,6.9895299786517900,91.0011852155762000,8:33:01 AM,2:29:00 AM,2:37:01 PM,728.0094817246100000,206.9895299786520000,-128.2526175053370000,126.5604188525420000,-36.5604188525425000,0.0077805350211756,-36.5526383175213000,#REF!
-35.0,173.0,0,3/8/13,12:00:00 AM,2456359.5000000000000000,0.1318138261464750,345.8656807789480000,5102.7016636937500000,0.0167030907407924,1.7170539592800100,347.5827347382280000,5104.4187176530300000,0.9925634128660940,347.5807114736970000,23.4375769804528000,23.4359346683188000,-11.4228524273027000,-4.9068494363584900,0.0430218548205153,-10.8458029355945000,94.4693785305324000,12:38:51 AM,###############################################################################################################################################################################################################################################################,6:56:43 AM,755.7550282442590000,681.1541970644050000,-9.7114507338986300,31.4038532205137000,58.5961467794863000,0.0098482874269704,58.6059950669132000,#REF!
2.0,45.0,-11,5/20/15,12:00:00 AM,2457162.9583333300000000,0.1538113164499240,57.7922679361027000,5894.5904224157100000,0.0167021652362318,1.3431678256267200,59.1354357617294000,5895.9335902413400000,1.0118655308072300,59.1303736465733000,23.4372909210721000,23.4347531030264000,56.9154149069372000,19.9600277368303000,0.0430173935261638,3.4827651543538500,91.6136134153806000,###############################################################################################################################################################################################################################################################,###############################################################################################################################################################################################################################################################,4:02:58 AM,732.9089073230450000,843.4827651543540000,30.8706912885885000,35.0959259254401000,54.9040740745599000,0.0113341437785461,54.9154082183384000,302.9836153634730000
-64.0,-17.0,-6,1/17/05,12:00:00 AM,2453387.7500000000000000,0.0504517453798768,296.7681337144690000,2173.7440287572400000,0.0167065128374800,0.4642384916661360,297.2323722061350000,2174.2082672489000000,0.9837889951422060,297.2244780480710000,23.4386350278531000,23.4409066113416000,-60.7185378189607000,-20.7159235635981000,0.0430406303748845,-10.0853669792349000,144.1793330996280000,7:18:05 AM,###############################################################################################################################################################################################################################################################,4:54:48 PM,1153.4346647970300000,281.9146330207650000,-109.5213417448090000,79.5766235701683000,10.4233764298317000,0.0847220987190589,10.5080985285507000,#REF!
45.0,80.0,7,11/1/02,12:00:00 AM,2452579.2083333300000000,0.0283150809947567,219.8311738531320000,1376.8451345724400000,0.0167074436173593,-1.7242054216030400,218.1069684315290000,1375.1209291508400000,0.9926809774145780,218.0967789119460000,23.4389228969587000,23.4397869215183000,-144.2720883303200000,-14.2072512930417000,0.0430364017020237,16.4198918520679000,76.5872166015922000,1:23:35 PM,8:17:14 AM,6:29:56 PM,612.6977328127380000,1356.4198918520700000,159.1049729630170000,144.4831235028540000,-54.4831235028537000,0.0041182658087784,-54.4790052370449000,323.4766437547240000
82.0,154.0,8,2/20/16,12:00:00 AM,2457438.1666666700000000,0.1613461099703360,329.0506359009970000,6165.8358329167800000,0.0167018481952489,1.3930386315654100,330.4436745325620000,6167.2288715483500000,0.9885106266491850,330.4373999005580000,23.4371929372549000,23.4346521572253000,-27.4937653114763000,-11.3157872348259000,0.0430170123917340,-13.8693938812704000,#NUM!,9:57:52 AM,#NUM!,#NUM!,#NUM!,122.1306061187300000,-149.4673484703180000,108.1708639851890000,-18.1708639851888000,0.0175796788307575,-18.1532843063580000,#REF!
-40.0,30.0,1,5/3/14,12:00:00 AM,2456780.4583333300000000,0.1433390371891440,40.7821517297580000,5517.5983151342500000,0.0167026058537054,1.6797001485410000,42.4618518782990000,5519.2780152827900000,1.0079553959217900,42.4583914136587000,23.4374271044976000,23.4351626357171000,40.0140879146042000,15.5736402911866000,0.0430189397905883,3.0574627603601500,77.6335544722394000,10:56:57 AM,5:46:24 AM,4:07:29 PM,621.0684357779150000,63.0574627603602000,-164.2356343099100000,151.9744598294660000,-61.9744598294657000,0.0030712633914708,-61.9713885660742000,#REF!
-10.0,-68.0,12,6/23/15,12:00:00 AM,2457196.0000000000000000,0.1547159479808350,90.3596995460002000,5927.1562983479900000,0.0167021271728737,0.4169559981496120,90.7766555441498000,5927.5732543461300000,1.0162987311011600,90.7714484534154000,23.4372791570797000,23.4347322548590000,90.8407936441145000,23.4324811356038000,0.0430173148109581,-1.9426697508651700,86.5410752968283000,4:33:57 AM,10:47:47 PM,10:20:06 AM,692.3286023746270000,446.0573302491350000,-68.4856674377163000,74.7920665168233000,15.2079334831767000,0.0584166531420992,15.2663501363188000,#REF!
38.0,-29.0,3,3/30/03,12:00:00 AM,2452728.3750000000000000,0.0323990417522245,6.8569051526624200,1523.8638432248000000,0.0167072719084851,1.9074522301027700,8.7643573827651900,1525.7712954549000000,0.9984917848411240,8.7544322635778300,23.4388697884174000,23.4400567825238000,8.0418542038679500,3.4710089801678800,0.0430374208511271,-4.7538829854554200,93.7769041468853000,5:00:45 PM,10:45:39 AM,11:15:52 PM,750.2152331750820000,1139.2461170145400000,104.8115292536360000,99.4277326900406000,-9.4277326900406400,0.0347493526790082,-9.3929833373616300,281.9824638411610000
-15.0,89.0,13,12/12/00,12:00:00 AM,2451889.9583333300000000,0.0094444444444487,260.4737306438640000,697.5201405031100000,0.0167082369725876,-0.7464406912146450,259.7272899526500000,696.7736998118950000,0.9846041342163810,259.7170233187610000,23.4391682939673000,23.4384295206875000,-101.1853587052690000,-23.0400538304400000,0.0430312755802381,6.5732706536053500,97.4877609717832000,6:57:26 PM,12:27:29 PM,1:27:23 AM,779.9020877742660000,1022.5732706536100000,75.6433176634013000,71.2343245840705000,18.7656754159295000,0.0470104395793678,18.8126858555089000,250.3124770511360000
-77.0,63.0,-6,7/3/09,12:00:00 AM,2455015.7500000000000000,0.0950239561943874,101.4020380279040000,3778.3012864086700000,0.0167046383339092,0.0555839334584027,101.4576219613620000,3778.3568703421300000,1.0166985712856600,101.4560184078410000,23.4380554026997000,23.4393834907155000,102.4554861741510000,22.9454072363834000,0.0430348781415296,-4.2145602826945600,#NUM!,1:52:13 AM,#NUM!,#NUM!,#NUM!,607.7854397173060000,-28.0536400706736000,101.3644185600570000,-11.3644185600574000,0.0287080118247956,-11.3357105482326000,#REF!
29.0,-36.0,5,10/7/16,12:00:00 AM,2457668.2916666700000000,0.1676465890942230,195.8727352872770000,6392.6470974301200000,0.0167015830793827,-1.9133088841380500,193.9594264031390000,6390.7337885459800000,0.9995082882478790,193.9521635300580000,23.4371110046922000,23.4346935673202000,-167.1589253428610000,-5.5026032303278700,0.0430171687408879,12.0925731533871000,87.8967620314836000,7:11:54 PM,1:20:19 PM,1:03:30 AM,703.1740962518690000,1008.0925731533900000,72.0231432883468000,77.1615081654643000,12.8384918345357000,0.0692115052994450,12.9077033398351000,256.1856828863820000
-23.0,-142.0,-13,11/8/03,12:00:00 AM,2452952.0416666700000000,0.0385227013461057,227.3133648409310000,1744.3097728370200000,0.0167070144331809,-1.5999902265436300,225.7133746143880000,1742.7097826104800000,0.9907769577446560,225.7039945589540000,23.4387901552679000,23.4404174169587000,-136.7622869541540000,-16.5420225327568000,0.0430387828328765,16.3096001500156000,98.1953947412693000,8:11:41 AM,1:38:55 AM,2:44:28 PM,785.5631579301550000,228.3096001500160000,-122.9225999624960000,111.6135447847660000,-21.6135447847657000,0.0145632969457559,-21.5989814878199000,#REF!
-59.0,-71.0,-7,11/15/02,12:00:00 AM,2452593.7916666700000000,0.0287143509012050,234.2051978621260000,1391.2184720104600000,0.0167074268303652,-1.4600407401257500,232.7451571220000000,1389.7584312703300000,0.9891525174272520,232.7349897547230000,23.4389177047831000,23.4398141293683000,-129.6676725143910000,-18.4559207174709000,0.0430365044537942,15.4819446071982000,125.8167302781040000,9:28:31 AM,1:05:15 AM,5:51:47 PM,1006.5338422248300000,151.4819446071980000,-142.1295138482000000,96.5633990738551000,-6.5633990738550700,0.0501492148612072,-6.5132498589938600,#REF!
59.0,-143.0,-13,3/28/06,12:00:00 AM,2453823.0416666700000000,0.0623693817020263,5.8122162734930500,2602.7676178495700000,0.0167060116854460,1.9037946144583100,7.7160108879513600,2604.6714124640300000,0.9981733171923150,7.7099534112648500,23.4384800487612000,23.4410324724661000,7.0803943460353700,3.0592640075293500,0.0430411057219435,-5.0721848529301600,96.7313962681568000,8:37:04 AM,2:10:09 AM,3:04:00 PM,773.8511701452540000,202.9278151470700000,-129.2680462132330000,106.2472128720160000,-16.2472128720163000,0.0197995582564469,-16.2274133137599000,#REF!
-47.0,138.0,-2,10/25/12,12:00:00 AM,2456225.5833333300000000,0.1281473876340450,213.8710715081120000,4970.7133594460800000,0.0167032449876299,-1.8033525479441200,212.0677189601680000,4968.9100068981400000,0.9943394294015780,212.0660462142040000,23.4376246594929000,23.4362373428557000,-150.1100845736830000,-12.1899019662001000,0.0430229976839817,15.9575432650165000,104.6826539440540000,12:32:03 AM,###############################################################################################################################################################################################################################################################,7:30:46 AM,837.4612315524350000,687.9575432650170000,-8.0106141837458700,35.4577113686041000,54.5422886313959000,0.0114867754596595,54.5537754068555000,#REF!
52.0,-4.0,-12,11/1/13,12:00:00 AM,2456598.0000000000000000,0.1383436002737850,220.9425767129910000,5337.7673306139900000,0.0167028160251701,-1.7099778502573700,219.2325988627340000,5336.0573527637300000,0.9924404422860180,219.2298164029220000,23.4374920660727000,23.4354601207334000,-143.1632216837300000,-14.5679735247653000,0.0430200630177020,16.4594875083146000,72.0469367102273000,###############################################################################################################################################################################################################################################################,###############################################################################################################################################################################################################################################################,4:47:44 AM,576.3754936818190000,720.4594875083150000,0.1148718770786560,66.5680483077998000,23.4319516922002000,0.0370004958035620,23.4689521880037000,180.1211713847200000
10.0,62.0,-1,10/5/13,12:00:00 AM,2456570.5416666700000000,0.1375918320784810,193.8783428854320000,5310.7043895766900000,0.0167028476535323,-1.9139967100989000,191.9643461753330000,5308.7903928665900000,1.0000746570183400,191.9616590516900000,23.4375018422039000,23.4355100640865000,-168.9999735083440000,-4.7282322599687500,0.0430202515925489,11.4914650071490000,90.0130961750200000,6:40:31 AM,12:40:27 AM,12:40:34 PM,720.1047694001600000,319.4914650071490000,-100.1271337482130000,100.7711162201530000,-10.7711162201525000,0.0303304615527491,-10.7407857585998000,#REF!
48.0,176.0,5,1/4/12,12:00:00 AM,2455930.2916666700000000,0.1200627424138680,282.8176191708690000,4679.6738098965400000,0.0167035850961088,-0.0111290880388630,282.8064900828300000,4679.6626808085000000,0.9832976958660640,282.8053668638760000,23.4377297937074000,23.4369737341506000,-76.0861668675564000,-22.8206427957888000,0.0430257782795568,-4.3837794258254800,63.6561302030901000,5:20:23 AM,1:05:46 AM,9:35:00 AM,509.2490416247210000,399.6162205741740000,-80.0959448564564000,100.4947920714220000,-10.4947920714216000,0.0311479343894285,-10.4636441370322000,#REF!
-11.0,30.0,-1,5/9/00,12:00:00 AM,2451673.5416666700000000,0.0035192790326218,47.1632144247179000,484.2198128779910000,0.0167084860584981,1.5646134306111700,48.7278278553291000,485.7844263086020000,1.0095855692162800,48.7179265358013000,23.4392453458180000,23.4380343073397000,46.2610517247155000,17.3917094384995000,0.0430297831489809,3.5659916325508200,87.3999121731685000,8:56:26 AM,3:06:50 AM,2:46:02 PM,699.1992973853480000,183.5659916325510000,-134.1085020918620000,135.1560440318350000,-45.1560440318350000,0.0057386563026820,-45.1503053755323000,#REF!
-25.0,-9.0,6,4/30/14,12:00:00 AM,2456777.2500000000000000,0.1432511978097190,37.6198664414451000,5514.4361809007600000,0.0167026095493989,1.7273367077054700,39.3472031491506000,5516.1635176084700000,1.0071393761840100,39.3437552121026000,23.4374282467769000,23.4351673285724000,36.9484580681338000,14.6040389666649000,0.0430189575094829,2.6722466091545500,83.9772935174513000,6:33:20 PM,12:57:25 PM,12:09:14 AM,671.8183481396100000,1046.6722466091500000,81.6680616522887000,88.8236364913033000,1.1763635086966800,0.3469548416777320,1.5233183503744100,286.7285034908720000
-14.0,-85.0,-9,4/15/18,12:00:00 AM,2458223.8750000000000000,0.1828576317590690,23.4819827552174000,6940.2301864657800000,0.0167009429772768,1.8760658990271900,25.3580486542445000,6942.1062523648000000,1.0032360404413300,25.3487713844151000,23.4369131975907000,23.4352212961570000,23.4927073190735000,9.8035963637838300,0.0430191612761059,-0.0683613590739993,88.4025380180825000,8:40:04 AM,2:46:27 AM,2:33:41 PM,707.2203041446600000,199.9316386409260000,-130.0170903397690000,130.9953071929130000,-40.9953071929132000,0.0066387238073378,-40.9886684691059000,#REF!
-24.0,140.0,6,11/29/05,12:00:00 AM,2453703.2500000000000000,0.0590896646132786,247.7398761331870000,2484.7009174959900000,0.0167061496053844,-1.1253077939591500,246.6145683392280000,2483.5756097020300000,0.9864614587252810,246.6079865451320000,23.4385226987959000,23.4410377505396000,-115.2431665342210000,-21.4143224130395000,0.0430411256560136,11.9005839698780000,101.0523387931560000,8:28:06 AM,1:43:53 AM,3:12:19 PM,808.4187103452490000,211.9005839698780000,-127.0248540075310000,111.3227957441690000,-21.3227957441691000,0.0147819047133558,-21.3080138394557000,#REF!
25.0,102.0,12,8/18/00,12:00:00 AM,2451774.0000000000000000,0.0062696783025325,146.1797054895370000,583.2315745089480000,0.0167083704365528,-1.2916515909123500,144.8880538986240000,581.9399229180360000,1.0123032130019800,144.8779610736700000,23.4392095791632000,23.4382128625497000,147.1638311902330000,13.2287393484857000,0.0430304574177192,-3.9769492874568600,97.2440833226021000,5:15:59 PM,10:47:00 AM,11:44:57 PM,777.9526665808170000,1124.0230507125400000,101.0057626781360000,94.1126861324420000,-4.1126861324419500,0.0802465002571960,-4.0324396321847500,286.6591233848020000
26.0,7.0,-5,1/14/00,12:00:00 AM,2451557.7083333300000000,0.0003479352042023,292.9923952022770000,370.0544469137210000,0.0167086193738325,0.3412773718853830,293.3336725741630000,370.3957242856060000,0.9835577116427080,293.3240369790610000,23.4392865865037000,23.4378414861104000,-64.8293314104844000,-21.4229463881565000,0.0430290550146395,-8.7485465955310700,79.9801066984247000,6:40:45 AM,1:20:50 AM,12:00:40 PM,639.8408535873980000,319.2514534044690000,-100.1871366488830000,107.9445311082970000,-17.9445311082967000,0.0178169064308354,-17.9267142018659000,#REF!
-88.0,154.0,-4,3/31/18,12:00:00 AM,2458208.6666666700000000,0.1824412502851890,8.4919291064479700,6925.2408488711000000,0.0167009604999764,1.9101476783912500,10.4020767848392000,6927.1509965495000000,0.9988929100556930,10.3928442715621000,23.4369186122887000,23.4351998746367000,9.5520277489704600,4.1142612248525100,0.0430190803943274,-4.2528172835621900,#NUM!,###############################################################################################################################################################################################################################################################,#NUM!,#NUM!,#NUM!,851.7471827164380000,32.9367956791095000,92.4350791911237000,-2.4350791911237500,0.1356824767302950,-2.2993967143934500,327.1253768477520000
-39.0,-89.0,4,3/9/06,12:00:00 AM,2453803.3333333300000000,0.0618297969427375,346.3867495302420000,2583.3430789745100000,0.0167060343764615,1.7268081965726400,348.1135577268150000,2585.0698871710900000,0.9927313090233030,348.1074135068880000,23.4384870656192000,23.4410354813065000,-10.9357745783195000,-4.7023110105924900,0.0430411170856412,-10.7241223445163000,94.8978446716146000,10:06:43 PM,3:47:08 PM,4:26:19 AM,759.1827573729170000,833.2758776554840000,28.3189694138709000,42.8256583235506000,47.1743416764494000,0.0149427401505128,47.1892844165999000,315.9325669783400000
31.0,159.0,-6,6/12/18,12:00:00 AM,2458281.7500000000000000,0.1844421629021220,80.5263239011865000,6997.2718026811500000,0.0167008762946020,0.7254144322203260,81.2517383334068000,6997.9972171133700000,1.0154457467572800,81.2422972974414000,23.4368925920690000,23.4353058254605000,80.4687870522935000,23.1460590964873000,0.0430194804363486,0.1902107922559790,105.9802042250480000,###############################################################################################################################################################################################################################################################,###############################################################################################################################################################################################################################################################,2:27:44 AM,847.8416338003860000,996.1902107922560000,69.0475526980640000,61.0338046705759000,28.9661953294241000,0.0290416967857073,28.9952370262098000,281.0429215817520000
28.0,-137.0,11,8/30/05,12:00:00 AM,2453612.0416666700000000,0.0565925165411776,157.8406230704650000,2394.8059585112500000,0.0167062546145984,-1.5456490659830700,156.2949740044820000,2393.2603094452700000,1.0098133413433600,156.2879999839160000,23.4385551721603000,23.4410210799699000,158.0520243408100000,9.2053327728834300,0.0430410626951206,-0.8823672055172200,95.9032602069512000,8:08:53 AM,1:45:16 AM,2:32:30 PM,767.2260816556100000,231.1176327944830000,-122.2205918013790000,112.9299010695880000,-22.9299010695885000,0.0136396408455555,-22.9162614287429000,#REF!
-53.0,47.0,13,8/3/14,12:00:00 AM,2456871.9583333300000000,0.1458441706593700,130.9688854044390000,5607.7807408007200000,0.0167025004536228,-0.8758581780006420,130.0930272264380000,5606.9048826227200000,1.0148376497361100,130.0892016599500000,23.4373945272848000,23.4350372942239000,132.5343217409110000,17.7139156989333000,0.0430184665380139,-6.2750971055220300,66.5149495040719000,9:58:17 PM,5:32:13 PM,2:24:20 AM,532.1195960325750000,841.7249028944780000,30.4312257236195000,75.4450376629655000,14.5549623370345000,0.0610677580812426,14.6160300951157000,330.1000395901270000
-6.0,142.0,11,1/21/05,12:00:00 AM,2453391.0416666700000000,0.0505418663016156,300.0125562776170000,2176.9882963496900000,0.0167065090479136,0.5707250957546270,300.5832813733710000,2177.5590214454500000,0.9840478995189660,300.5754001289610000,23.4386338559044000,23.4409090201187000,-57.2198874896927000,-20.0288173734426000,0.0430406394722270,-11.1068552667463000,93.0882400099940000,1:43:06 PM,7:30:45 AM,7:55:28 PM,744.7059200799520000,1336.8931447332500000,154.2232861833130000,143.6681574400780000,-53.6681574400775000,0.0042434254490552,-53.6639140146285000,223.5989374497890000
-28.0,18.0,-3,7/8/16,12:00:00 AM,2457577.6250000000000000,0.1651642710472280,106.5073743820490000,6303.2860053475300000,0.0167016875332587,-0.1074628527761390,106.3999115292720000,6303.1785424947500000,1.0166761564787100,106.3930319704380000,23.4371432852013000,23.4346638252697000,107.7774819621390000,22.4288432766361000,0.0430170564459094,-5.1040411747404900,78.3662353834217000,7:53:06 AM,2:39:38 AM,1:06:34 PM,626.9298830673740000,246.8959588252590000,-118.2760102936850000,124.4543408557290000,-34.4543408557287000,0.0084097513335904,-34.4459311043951000,#REF!
72.0,-99.0,0,8/28/09,12:00:00 AM,2455071.5000000000000000,0.0965503080082136,156.3518784457210000,3833.2485020698800000,0.0167045741336097,-1.5146188753495500,154.8372595703710000,3831.7338831945300000,1.0101726049394800,154.8357783085410000,23.4380355537396000,23.4392491634345000,156.6822740613880000,9.7378325627166300,0.0430343708596772,-1.3361336798255500,125.1629550558610000,6:37:20 PM,10:16:41 AM,2:57:59 AM,1001.3036404468800000,1042.6638663201700000,80.6659665800436000,77.8624555733744000,12.1375444266256000,0.0731384891112530,12.2106829157368000,264.1431556996200000
46.0,49.0,7,8/9/03,12:00:00 AM,2452860.2083333300000000,0.0360084417065979,136.7980822093350000,1653.7988136610600000,0.0167071201488558,-1.0467577881165000,135.7513244212180000,1652.7520558729500000,1.0139691866371600,135.7417000768440000,23.4388228511448000,23.4402767232330000,138.2025261846570000,16.1180545105301000,0.0430382514823759,-5.6546040973165100,108.7251476210480000,3:49:39 PM,8:34:45 AM,11:04:33 PM,869.8011809683840000,1210.3453959026800000,122.5863489756710000,99.1903458273193000,-9.1903458273192900,0.0356631296456168,-9.1546826976736700,304.9165728009140000
-20.0,37.0,6,3/4/17,12:00:00 AM,2457816.2500000000000000,0.1716974674880220,341.7074763685250000,6538.4748722358600000,0.0167014126184406,1.6491517704028500,343.3566281389280000,6540.1240240062600000,0.9914736366409790,343.3487646268880000,23.4370583263453000,23.4347782886046000,-15.3451511892180000,-6.5436679641588300,0.0430174886179816,-11.8190155883061000,93.2861528773118000,3:43:49 PM,9:30:40 AM,9:56:58 PM,746.2892230184940000,1216.1809844116900000,124.0452461029230000,118.9260540919700000,-28.9260540919698000,0.0104411124009191,-28.9156129795689000,250.1414844217530000
77.0,-39.0,-4,3/23/02,12:00:00 AM,2452356.6666666700000000,0.0222222222222180,0.4835674829087110,1157.5080052572800000,0.0167076997818765,1.8773856935437700,2.3609531764524800,1159.3853909508200000,0.9966545751273160,2.3505290102538300,23.4390021295542000,23.4393557931633000,2.1567585437413000,0.9347684033856760,0.0430347735425155,-6.7079660583608300,97.7765302272179000,10:42:42 AM,4:11:36 AM,5:13:49 PM,782.2122418177430000,77.2920339416392000,-160.6769915145900000,101.3238874689170000,-11.3238874689166000,0.0288135054799974,-11.2950739634366000,#REF!
17.0,143.0,6,4/21/10,12:00:00 AM,2455307.2500000000000000,0.1030047912388770,28.7182439949765000,4065.6037682885500000,0.0167043026433053,1.8330095138738300,30.5512535088504000,4067.4367778024200000,1.0047512650408400,30.5501625762204000,23.4379516184499000,23.4386492889251000,28.4365813829750000,11.6645815308109000,0.0430321054959769,1.1278549730173000,94.5103763710211000,8:26:52 AM,2:08:50 AM,2:44:55 PM,756.0830109681690000,213.1278549730170000,-126.7180362567460000,120.0551244261910000,-30.0551244261907000,0.0099717647633572,-30.0451526614273000,#REF!
40.0,-72.0,-8,9/26/16,12:00:00 AM,2457657.8333333300000000,0.1673602555327440,185.5645066167810000,6382.3393611654600000,0.0167015951281402,-1.8911704619385000,183.6733361548420000,6380.4481907035300000,1.0025004566720000,183.6661169840120000,23.4371147282251000,23.4346892616947000,-176.6355605474590000,-1.4571898114018100,0.0430171524844293,8.7481452958434200,89.8647264700161000,8:39:15 AM,2:39:48 AM,2:38:43 PM,718.9178117601290000,200.7481452958430000,-129.8129636760390000,120.4424801104200000,-30.4424801104201000,0.0098180416976133,-30.4326620687225000,#REF!
64.0,12.0,-13,1/25/03,12:00:00 AM,2452665.0416666700000000,0.0306650695870366,304.4325723089510000,1461.4424920655500000,0.0167073448133279,0.7137258262119400,305.1462981351620000,1462.1562178917600000,0.9844882474971170,305.1362506123900000,23.4388923372958000,23.4399446091576000,-52.5097439505996000,-18.9840572709608000,0.0430369972189186,-12.2834962699948000,47.9123464319893000,###############################################################################################################################################################################################################################################################,###############################################################################################################################################################################################################################################################,1:35:56 AM,383.2987714559140000,815.7165037300050000,23.9291259325013000,85.0367946577637000,4.9632053422363400,0.1605237945087500,5.1237291367450900,202.6430287476370000
22.0,58.0,6,1/3/11,12:00:00 AM,2455564.2500000000000000,0.1100410677618070,282.0296160117060000,4318.9030404614300000,0.0167040066694196,-0.0374252605567261,281.9921907511490000,4318.8656152008700000,0.9833001605640650,281.9912772099020000,23.4378601174123000,23.4379586406471000,-76.9657428080713000,-22.8970478298923000,0.0430294974145165,-4.0172074275801100,81.1631236212084000,2:12:01 PM,8:47:22 AM,7:36:40 PM,649.3049889696670000,1307.9827925724200000,146.9956981431050000,149.5471706116900000,-59.5471706116904000,0.0033923942602638,-59.5437782174301000,261.9079678783280000
-8.0,-137.0,4,1/16/17,12:00:00 AM,2457769.3333333300000000,0.1704129591603970,295.4641875877320000,6492.2337924193000000,0.0167014666709947,0.4139787435366350,295.8781663312690000,6492.6477711628400000,0.9836916449634300,295.8704894041970000,23.4370750303209000,23.4347466766219000,-62.1420043666696000,-20.9680623290319000,0.0430173692623560,-9.6047834325361700,93.9899087979044000,1:17:36 AM,7:01:39 PM,7:33:34 AM,751.9192703832350000,642.3952165674640000,-19.4011958581340000,22.7816358869757000,67.2183641130243000,0.0067766381107331,67.2251407511350000,#REF!
-65.0,162.0,5,1/17/15,12:00:00 AM,2457039.2916666700000000,0.1504255076431630,295.9005440831590000,5772.7045210670900000,0.0167023076959887,0.4296563440641020,296.3302004272230000,5773.1341774111500000,0.9837214423866860,296.3256746327090000,23.4373349507445000,23.4348520414940000,-61.6632836910617000,-20.8828957000792000,0.0430177670834096,-9.7614952445972000,148.7589295037920000,6:21:46 AM,###############################################################################################################################################################################################################################################################,4:16:48 PM,1190.0714360303400000,338.2385047554030000,-95.4403738111493000,73.4037676393476000,16.5962323606524000,0.0534255337911175,16.6496578944435000,#REF!
-21.0,178.0,4,7/10/17,12:00:00 AM,2457944.3333333300000000,0.1752041980378780,107.9524761185590000,6664.7138414666300000,0.0167012650518791,-0.1540698101390470,107.7984063084200000,6664.5597716564900000,1.0166476467966900,107.7900552228050000,23.4370127241968000,23.4348861187395000,109.2758032437920000,22.2525157843012000,0.0430178957476439,-5.3233210269698200,81.9384329896833000,4:13:19 AM,###############################################################################################################################################################################################################################################################,9:41:05 AM,655.5074639174660000,466.6766789730300000,-63.3308302567424000,75.3976523235085000,14.6023476764915000,0.0608680059928916,14.6632156824844000,#REF!
-62.0,-33.0,5,6/27/10,12:00:00 AM,2455374.2916666700000000,0.1048402920374130,94.7976858815073000,4131.6800537837300000,0.0167042254360222,0.2713709786581390,95.0690568601654000,4131.9514247623900000,1.0165351570187800,95.0680377659640000,23.4379277492590000,23.4384715623022000,95.5211195199920000,23.3413960158119000,0.0430314343422630,-2.8927002596867500,38.9355829320218000,7:14:54 PM,4:39:09 PM,9:50:38 PM,311.4846634561740000,1005.1072997403100000,71.2768249350783000,102.2082971339060000,-12.2082971339059000,0.0266686091942749,-12.1816285247116000,297.1654404071500000
57.0,-127.0,-6,9/15/09,12:00:00 AM,2455089.7500000000000000,0.0970499657768652,174.3399427980480000,3851.2357071964900000,0.0167045531172399,-1.8000646851120600,172.5398781129360000,3849.4356425113800000,1.0056225961851600,172.5384344717980000,23.4380290560979000,23.4392044759399000,173.1480304494320000,2.9609654472111200,0.0430342020997761,4.7350400332444500,96.1065485993940000,2:23:16 PM,7:58:50 AM,8:47:41 PM,768.8523887951520000,1296.7350400332400000,144.1837600083110000,113.4366617402450000,-23.4366617402452000,0.0133103099792498,-23.4233514302660000,320.4348754921900000
-33.0,48.0,-9,4/13/06,12:00:00 AM,2453838.8750000000000000,0.0628028747433265,21.4182994926987000,2618.3729556353600000,0.0167059934558241,1.8878748593088900,23.3061743520076000,2620.2608304946700000,1.0027058106865500,23.3001866530220000,23.4384744115391000,23.4410294418338000,21.5603907652559000,9.0531816990515900,0.0430410942759441,-0.5794421727135080,85.0710287968476000,###############################################################################################################################################################################################################################################################,###############################################################################################################################################################################################################################################################,5:28:52 AM,680.5682303747810000,731.4205578272870000,2.8551394568216300,42.1410500411403000,47.8589499588597000,0.0145892299903019,47.8735391888500000,355.7956591631840000
74.0,28.0,11,3/28/11,12:00:00 AM,2455648.0416666700000000,0.1123351585671870,4.6186512199956300,4401.4881306557300000,0.0167039101680882,1.8985669682971900,6.5172181882928100,4403.3866976240200000,0.9978024723649870,6.5163045635141000,23.4378302846323000,23.4377306066095000,5.9827357600105700,2.5871694326369400,0.0430286363128693,-5.4366207443787000,102.1444654478740000,9:13:26 PM,2:24:52 PM,4:02:01 AM,817.1557235829890000,886.5633792556210000,41.6408448139053000,75.5715220817643000,14.4284779182357000,0.0616068769901378,14.4900847952258000,223.2670530345170000
64.0,150.0,-2,7/16/07,12:00:00 AM,2454297.5833333300000000,0.0753616244581379,113.5429578543090000,3070.4760179316800000,0.0167054653038159,-0.3410586748556790,113.2018991794530000,3070.1349592568300000,1.0164370420578300,113.1979003211220000,23.4383110952711000,23.4407055218110000,115.0375799119950000,21.4468270349200000,0.0430398709142078,-5.9905904933901900,147.2532822635520000,12:05:59 AM,###############################################################################################################################################################################################################################################################,9:55:00 AM,1178.0262581084100000,714.0094095066100000,-1.4976476233475500,42.5649802167077000,47.4350197832923000,0.0148072265041030,47.4498270097965000,#REF!
20.0,159.0,-3,12/7/03,12:00:00 AM,2452980.6250000000000000,0.0393052703627652,255.4864519042470000,1772.4815142137800000,0.0167069815286104,-0.9011932244536040,254.5852586797930000,1771.5803209893300000,0.9852451531052660,254.5759601686730000,23.4387799786018000,23.4404588738359000,-106.7367732434250000,-22.5487143134986000,0.0430389394015338,8.8363215343963900,82.2776707404192000,###############################################################################################################################################################################################################################################################,###############################################################################################################################################################################################################################################################,3:44:16 AM,658.2213659233540000,824.8363215343960000,26.2090803835991000,49.6483587117307000,40.3516412882693000,0.0189639386864125,40.3706052269557000,212.3590620794090000
-52.0,-83.0,-2,1/14/17,12:00:00 AM,2457767.5833333300000000,0.1703650467716220,293.7393047024940000,6490.5089919287900000,0.0167014686871565,0.3563698442820260,294.0956745467760000,6490.8653617730700000,0.9835891907495910,294.0880046538180000,23.4370756533822000,23.4347455816289000,-64.0217414286065000,-21.2889863016026000,0.0430173651280545,-8.9835959072297400,121.6068762580350000,3:40:59 PM,7:34:33 AM,11:47:25 PM,972.8550100642780000,1219.0164040927700000,124.7541010231930000,92.3444686753358000,-2.3444686753357800,0.1409326216601630,-2.2035360536756100,230.0122558671810000
-6.0,128.0,8,1/26/01,12:00:00 AM,2451935.1666666700000000,0.0106821811544562,305.0332050585380000,742.0774865686190000,0.0167081849386932,0.7337941836701730,305.7669992422080000,742.8112807522890000,0.9845582929953580,305.7566789836410000,23.4391521982289000,23.4385164519314000,-51.8740237741897000,-18.8316414429169000,0.0430316038596140,-12.4259623863281000,92.9399957529617000,11:40:26 AM,5:28:40 AM,5:52:11 PM,743.5199660236940000,19.5740376136719000,-175.1064905965820000,154.7043078292250000,-64.7043078292247000,0.0027269357669280,-64.7015808934578000,#REF!
-89.0,-66.0,13,7/25/07,12:00:00 AM,2454305.9583333300000000,0.0755909194615603,121.7977545061790000,3078.7304202858100000,0.0167054556605564,-0.6027767508110370,121.1949777553680000,3078.1276435350000000,1.0158498752661600,121.1910134517930000,23.4383081134770000,23.4406954578263000,123.4193928050700000,19.8949038268004000,0.0430398329054547,-6.4997085511222200,#NUM!,5:30:30 AM,#NUM!,#NUM!,#NUM!,389.5002914488780000,-82.6249271377806000,109.7634426160550000,-19.7634426160549000,0.0160589334122171,-19.7473836826427000,#REF!
67.0,-102.0,12,8/7/18,12:00:00 AM,2458337.0000000000000000,0.1859548254620120,134.9833407201400000,7051.7262181603300000,0.0167008126358178,-0.9887626909239830,133.9945780292160000,7050.7374554694100000,1.0142817650508200,133.9849906591870000,23.4368729211395000,23.4353907598627000,136.4505333429570000,16.6284614934858000,0.0430198011274269,-5.9054228760785400,137.9376155959480000,6:53:54 AM,9:42:09 PM,4:05:39 PM,1103.5009247675800000,306.0945771239210000,-103.4763557190200000,79.8534749040811000,10.1465250959189000,0.0869168556903219,10.2334419516093000,#REF!
-39.0,121.0,7,9/4/07,12:00:00 AM,2454347.2083333300000000,0.0767202829112523,162.4557081651110000,3119.3864318805200000,0.0167054081637108,-1.6299209561589000,160.8257872089520000,3117.7565109243600000,1.0087122388689600,160.8219915524170000,23.4382934270282000,23.4406438101709000,162.3019616005720000,7.5088055124285300,0.0430396378475170,0.5851753892057410,84.9590401877408000,10:55:25 AM,5:15:35 AM,4:35:15 PM,679.6723215019260000,64.5851753892057000,-163.8537061526990000,145.3185823562540000,-55.3185823562539000,0.0039925694528587,-55.3145897868010000,#REF!
-48.0,178.0,2,7/12/07,12:00:00 AM,2454293.4166666700000000,0.0752475473419989,109.4360938481090000,3066.3693500935000000,0.0167054701014525,-0.2080482946100120,109.2280455534990000,3066.1613017988900000,1.0166067398749500,109.2240294658740000,23.4383125787508000,23.4407104753553000,110.8104867353950000,22.0625086751949000,0.0430398896223154,-5.5091741081799100,64.7427506371940000,2:13:31 AM,###############################################################################################################################################################################################################################################################,6:32:29 AM,517.9420050975520000,586.4908258918200000,-33.3772935270450000,76.1893677317008000,13.8106322682992000,0.0643707962446735,13.8750030645439000,#REF!
-49.0,119.0,3,2/27/14,12:00:00 AM,2456715.3750000000000000,0.1415571526351810,336.6329358849930000,5453.4521635431900000,0.0167026808231059,1.5567791742187400,338.1897150592120000,5455.0089427174100000,0.9902374169078590,338.1865047394000000,23.4374502764498000,23.4352616838663000,-20.1646757543090000,-8.4985656407007100,0.0430193137692302,-12.8319318624841000,101.2038348858840000,7:16:50 AM,12:32:01 AM,2:01:39 PM,809.6306790870750000,283.1680681375160000,-109.2079829656210000,95.8507639478514000,-5.8507639478513600,0.0563083305173247,-5.7944556173340400,#REF!
-47.0,-84.0,9,6/9/04,12:00:00 AM,2453165.1250000000000000,0.0443566050650240,77.3383899826881000,1954.3247661270600000,0.0167067691321096,0.8141171371931500,78.1525071198813000,1955.1388832642500000,1.0151094844940500,78.1437928986731000,23.4387142901476000,23.4406967835630000,77.1115297449612000,22.9117670456777000,0.0430398379123770,0.8696011273085040,64.5258956564571000,2:35:08 AM,10:17:02 PM,6:53:14 AM,516.2071652516570000,564.8696011273080000,-38.7825997181729000,78.1723669739202000,11.8276330260798000,0.0750088481138065,11.9026418741936000,#REF!
27.0,-42.0,12,12/29/09,12:00:00 AM,2455194.0000000000000000,0.0999041752224504,277.0936802656170000,3953.9845364799100000,0.0167044330636132,-0.2048486095734250,276.8888316560440000,3953.7796878703300000,0.9833916910430540,276.8875794545310000,23.4379919394322000,23.4389431280302000,-82.4997406163647000,-23.2598004549672000,0.0430332151407344,-1.6320608408641600,78.3897753198703000,2:49:38 AM,9:36:04 PM,8:03:11 AM,627.1182025589630000,550.3679391591360000,-42.4080152102160000,64.8409347201890000,25.1590652798110000,0.0341739755598458,25.1932392553708000,#REF!
-10.0,180.0,-1,6/17/03,12:00:00 AM,2452807.5416666700000000,0.0345665069586998,84.8873212095223000,1601.8905321722200000,0.0167071807763603,0.5834941946591500,85.4708154041814000,1602.4740263668800000,1.0159069541167700,85.4610636349789000,23.4388416023185000,23.4401912290379000,85.0547416253788000,23.3623048448433000,0.0430379286027367,-0.7096088350897510,86.5553032836226000,###############################################################################################################################################################################################################################################################,###############################################################################################################################################################################################################################################################,4:46:56 AM,692.4424262689810000,779.2903911649100000,14.8225977912276000,36.3776953199214000,53.6223046800786000,0.0118811520843799,53.6341858321629000,336.6733818486560000
-37.0,168.0,7,4/3/07,12:00:00 AM,2454193.2083333300000000,0.0725039926990688,10.6660145090473000,2967.6039885916000000,0.0167055854836187,1.9139619823357300,12.5799764913830000,2969.5179505739300000,0.9995814516822600,12.5755391584708000,23.4383482564365000,23.4408187855365000,11.5668671183254000,4.9687267897796200,0.0430402986797207,-3.5993867873976900,87.2923001479187000,7:51:36 AM,2:02:26 AM,1:40:46 PM,698.3384011833490000,248.4006132126020000,-117.8998466968490000,115.1141807999720000,-25.1141807999721000,0.0123096989943363,-25.1018711009777000,#REF!
81.0,-43.0,0,12/9/15,12:00:00 AM,2457365.5000000000000000,0.1593566050650240,257.4269275357590000,6094.2155458763300000,0.0167019319089062,-0.8484235654688250,256.5785039702900000,6093.3671223108600000,0.9850159625967450,256.5725490304620000,23.4372188091355000,23.4346627444788000,-104.5851113163960000,-22.7575029590088000,0.0430170523652457,8.0044455858865400,#NUM!,2:44:00 PM,#NUM!,#NUM!,#NUM!,1276.0044455858900000,139.0011113964720000,119.4025463762110000,-29.4025463762108000,0.0102390363140215,-29.3923073398968000,316.0191293508400000
-19.0,116.0,-1,8/10/06,12:00:00 AM,2453957.5416666700000000,0.0660517910107190,138.3817863589710000,2735.3308556688700000,0.0167058568280896,-1.0884437875878600,137.2933425713830000,2734.2424118812900000,1.0137215637936000,137.2878788357930000,23.4384321620423000,23.4409892923842000,139.7361801153520000,15.6545502730906000,0.0430409426408862,-5.4380365643579100,85.3813496458899000,3:21:26 AM,###############################################################################################################################################################################################################################################################,9:02:58 AM,683.0507971671190000,518.5619634356420000,-50.3595091410895000,60.4630176947359000,29.5369823052641000,0.0283760043456633,29.5653583096098000,#REF!
18.0,-152.0,-8,12/13/12,12:00:00 AM,2456274.8333333300000000,0.1294957791467070,262.4142041015360000,5019.2541732676400000,0.0167031882612798,-0.6914675268564540,261.7227365746790000,5018.5627057407800000,0.9844166747424110,261.7209418003730000,23.4376071247618000,23.4361233475017000,-99.0117323612417000,-23.1775362954488000,0.0430225672489984,5.6777952342804500,82.9646511602777000,2:02:19 PM,8:30:28 AM,7:34:11 PM,663.7172092822220000,1317.6777952342800000,149.4194488085700000,150.9643788202950000,-60.9643788202948000,0.0032030543054746,-60.9611757659893000,254.4941326339180000
87.0,-170.0,-1,9/21/17,12:00:00 AM,2458017.5416666700000000,0.1772085329682820,180.1100768244460000,6736.8679953157000000,0.0167011807061567,-1.8546394531915600,178.2554373712540000,6735.0133558625100000,1.0040584390304100,178.2468239153600000,23.4369866594696000,23.4349612748652000,178.3913602972410000,0.6971602440591020,0.0430181795126706,6.8145573564311000,120.6631742985210000,10:13:11 PM,2:10:32 PM,6:15:50 AM,965.3053943881640000,826.8145573564310000,26.7036393391078000,86.6232520907218000,3.3767479092782100,0.2122683683394490,3.5890162776176600,206.7516384516920000
-25.0,-4.0,-10,11/2/13,12:00:00 AM,2456598.9166666700000000,0.1383686972393300,221.8460867950940000,5338.6707975376800000,0.0167028149692891,-1.6960694622807400,220.1500173328140000,5336.9747280754000000,0.9922047390365690,220.1472316576650000,23.4374917397071000,23.4354584758585000,-142.2634395728300000,-14.8582665878265000,0.0430200568070328,16.4745580858241000,98.0656205943008000,1:59:32 AM,###############################################################################################################################################################################################################################################################,8:31:47 AM,784.5249647544070000,600.4745580858240000,-29.8813604785440000,29.7823775055940000,60.2176224944060000,0.0092325948116804,60.2268550892177000,#REF!
-76.0,-169.0,7,1/30/02,12:00:00 AM,2452304.2083333300000000,0.0207859913301434,308.7781496958690000,1105.8050571549300000,0.0167077601645408,0.8493538731513910,309.6275035690200000,1106.6544110280800000,0.9850134473078800,309.6170529623290000,23.4390208065492000,23.4392511766029000,-47.9425054231050000,-17.8434099774409000,0.0430343784623071,-13.1786045813368000,#NUM!,6:29:11 AM,#NUM!,#NUM!,#NUM!,330.8213954186630000,-97.2946511453342000,74.4502508483165000,15.5497491516835000,0.0571111743361391,15.6068603260197000,#REF!
-59.0,-173.0,11,1/14/05,12:00:00 AM,2453384.0416666700000000,0.0503502167465164,293.1130247506040000,2170.0890943805900000,0.0167065171067358,0.3423965242293840,293.4554212748340000,2170.4314909048200000,0.9835616057374160,293.4475125929190000,23.4386363481496000,23.4409038724738000,-64.6981091560392000,-21.4047758065058000,0.0430406200308740,-8.7837046062319400,133.0551828081190000,10:40:47 AM,1:48:34 AM,7:33:00 PM,1064.4414624649600000,79.2162953937682000,-160.1959261515580000,97.9510218015249000,-7.9510218015249400,0.0413118927346429,-7.9097099087903000,#REF!
-29.0,-144.0,-12,10/3/14,12:00:00 AM,2456934.0000000000000000,0.1475427789185490,192.1200905255780000,5668.9290248693200000,0.0167024289860866,-1.9125214071908900,190.2075691183870000,5667.0165034621300000,1.0005918943214700,190.2034882499960000,23.4373724382734000,23.4349618552473000,-170.6225745351860000,-4.0399385557440500,0.0430181817040082,10.9399833058186000,93.1995084281121000,9:25:04 AM,3:12:16 AM,3:37:51 PM,745.5960674248970000,154.9399833058190000,-141.2650041735450000,130.2703260764200000,-40.2703260764202000,0.0068108981783594,-40.2635151782418000,#REF!
-26.0,120.0,8,8/19/02,12:00:00 AM,2452505.1666666700000000,0.0262879306411091,146.8522005271020000,1303.8696470631000000,0.0167075288467029,-1.3070110370151700,145.5451894900870000,1302.5626360260900000,1.0121774643785800,145.5349001887900000,23.4389492583756000,23.4396464863917000,147.7995834427120000,13.0091677968427000,0.0430358713440396,-3.8310031565366800,84.4863458339749000,12:03:50 PM,6:25:53 AM,5:41:47 PM,675.8907666717990000,1436.1689968434600000,179.0422492108660000,166.9780210935580000,-76.9780210935575000,0.0013344410404276,-76.9766866525171000,184.1448615358640000
-6.0,-134.0,-8,12/18/03,12:00:00 AM,2452991.8333333300000000,0.0396121378051605,266.5339160735830000,1783.5284507012100000,0.0167069686257554,-0.5539002225604690,265.9800158510230000,1782.9745504786500000,0.9840026665085140,265.9707500062530000,23.4387759880432000,23.4404748124368000,-94.3903194642201000,-23.3790868989315000,0.0430389995963415,3.6417067534516300,93.5180389830906000,12:52:21 PM,6:38:17 AM,7:06:26 PM,748.1443118647250000,1387.6417067534500000,166.9104266883630000,147.9595730018970000,-57.9595730018973000,0.0036111595352865,-57.9559618423620000,203.0693261511140000
11.0,-7.0,2,1/12/10,12:00:00 AM,2455208.4166666700000000,0.1002988820442580,291.3034297317910000,3968.1936071958100000,0.0167044164613105,0.2785552568521290,291.5819849886430000,3968.4721624526600000,0.9834729123530380,291.5807560568050000,23.4379868065920000,23.4389062438392000,-66.6785008528567000,-21.7086654986583000,0.0430330758515851,-8.0708983366778500,86.4771488563404000,2:36:04 PM,8:50:10 AM,8:21:59 PM,691.8171908507230000,1283.9291016633200000,140.9822754158310000,141.1839770123660000,-51.1839770123662000,0.0046418564206146,-51.1793351559456000,248.9291317863870000
14.0,173.0,4,1/18/11,12:00:00 AM,2455579.3333333300000000,0.1104540269222040,296.8964637219450000,4333.7691780302700000,0.0167039892983186,0.4649988937988520,297.3614626157440000,4334.2341769240700000,0.9837932429711990,297.3605511747860000,23.4378547472152000,23.4379176013553000,-60.5764185065256000,-20.6867862025119000,0.0430293424413420,-10.1113915280645000,85.5188135859648000,4:38:07 AM,###############################################################################################################################################################################################################################################################,10:20:11 AM,684.1505086877180000,441.8886084719350000,-69.5278478820161000,76.5838793932138000,13.4161206067862000,0.0662577335895533,13.4823783403758000,#REF!
-44.0,-134.0,12,10/12/04,12:00:00 AM,2453290.0000000000000000,0.0477754962354552,200.4211041787060000,2077.4016012590400000,0.0167066253722722,-1.9032598569939300,198.5178443217120000,2075.4983414020400000,0.9981241315494870,198.5095764892600000,23.4386698302763000,23.4408256487786000,-162.9255467125020000,-7.2551071276033900,0.0430403246003468,13.3607182340757000,98.2395445930925000,8:42:38 AM,2:09:41 AM,3:15:36 PM,785.9163567447400000,197.3607182340760000,-130.6598204414810000,112.1615055055120000,-22.1615055055121000,0.0141661521938021,-22.1473393533183000,#REF!
-49.0,-138.0,-3,10/15/08,12:00:00 AM,2454754.6250000000000000,0.0878747433264887,204.0248707085500000,3520.9364130442400000,0.0167049390310411,-1.8866160775358200,202.1382546310140000,3519.0497969667100000,0.9971020103125880,202.1359399794990000,23.4381483723793000,23.4399610377014000,-159.5334443636040000,-8.6204715217587200,0.0430370592625634,14.2397175910136000,101.3504913276700000,5:57:46 PM,11:12:21 AM,12:43:10 AM,810.8039306213620000,1082.2397175910100000,90.5599293977534000,83.8700690432991000,6.1299309567009300,0.1362475079304740,6.2661784646314100,263.9016610449480000
84.0,-18.0,-9,2/12/09,12:00:00 AM,2454874.8750000000000000,0.0911670088980151,322.5489659470250000,3639.4548468310600000,0.0167048005593896,1.2362577553443700,323.7852237023700000,3640.6911045864000000,0.9872176962939670,323.7832636064190000,23.4381055591524000,23.4397065501587000,-33.8973467053113000,-13.5932217760672000,0.0430360981764451,-14.2510492097503000,#NUM!,4:26:15 AM,#NUM!,#NUM!,#NUM!,453.7489507902500000,-66.5627623024376000,101.1471019896980000,-11.1471019896977000,0.0292824927808988,-11.1178194969168000,#REF!
73.0,-61.0,7,12/15/10,12:00:00 AM,2455545.2083333300000000,0.1095197353410950,263.2612474940260000,4300.1355684480000000,0.0167040285991731,-0.6634151472721550,262.5978323467540000,4299.4721533007300000,0.9843238663990230,262.5969148285600000,23.4378668969152000,23.4380104217114000,-98.0604419032738000,-23.2311176220484000,0.0430296929513606,5.2650644699410300,#NUM!,10:58:44 PM,#NUM!,#NUM!,#NUM!,781.2650644699410000,15.3162661174853000,96.7814015903609000,-6.7814015903608700,0.0485226352589061,-6.7328789551019700,194.1487600891820000
30.0,171.0,13,9/12/07,12:00:00 AM,2454354.9583333300000000,0.0769324663472550,170.0944752162690000,3127.0248340588800000,0.0167053992400250,-1.7479152057687400,168.3465600105000000,3125.2769188531100000,1.0067558987860800,168.3427957393060000,23.4382906677560000,23.4406337238114000,169.2815823569850000,4.6102669532218400,0.0430395997543727,3.2136781077874600,93.6348898010914000,1:32:47 PM,7:18:15 AM,7:47:20 PM,749.0791184087310000,1347.2136781077900000,156.8034195269470000,138.8727476662770000,-48.8727476662773000,0.0050383268284339,-48.8677093394489000,323.3505599185560000
69.0,22.0,-4,12/10/16,12:00:00 AM,2457732.6666666700000000,0.1694090805384400,259.3237842779700000,6456.0951154748500000,0.0167015089142628,-0.7905782017926390,258.5332060761770000,6455.3045372730600000,0.9847790304130940,258.5256775887290000,23.4370880849380000,23.4347250137967000,-102.4748634334950000,-22.9392871560583000,0.0430172874713210,7.1433533842109200,#NUM!,6:24:51 AM,#NUM!,#NUM!,#NUM!,335.1433533842110000,-96.2141616539473000,113.5526734722610000,-23.5526734722614000,0.0132368003607145,-23.5394366719007000,#REF!
52.0,166.0,6,8/14/17,12:00:00 AM,2457979.2500000000000000,0.1761601642710470,142.3679965459850000,6699.1277179184100000,0.0167012248233690,-1.1883756484710100,141.1796208975140000,6697.9393422699400000,1.0130658077174200,141.1711430804990000,23.4370002926421000,23.4349207779492000,143.5556135006810000,14.4396969662837000,0.0430180266093935,-4.7834775811999900,110.7298789153840000,7:00:47 AM,###############################################################################################################################################################################################################################################################,2:23:42 PM,885.8390313230710000,299.2165224188000000,-105.1958693953000000,87.6949462547599000,2.3050537452400600,0.2648171441943320,2.5698708894343900,#REF!
-21.0,-31.0,-10,9/5/07,12:00:00 AM,2454348.9166666700000000,0.0767670545288573,164.1395224072620000,3121.0701656937200000,0.0167054061966628,-1.6584217401955200,162.4811006670670000,3119.4117439535300000,1.0082932424433200,162.4773119372120000,23.4382928188015000,23.4406415971812000,163.8448871258340000,6.8788646871443800,0.0430396294897192,1.1468510195867000,88.2451178050076000,4:02:51 AM,###############################################################################################################################################################################################################################################################,9:55:50 AM,705.9609424400610000,477.1468510195870000,-60.7132872451033000,65.7650293199152000,24.2349706800848000,0.0356402411421743,24.2706109212270000,#REF!
90.0,-61.0,-10,10/29/16,12:00:00 AM,2457690.9166666700000000,0.1682660278348120,218.1730068740830000,6414.9463037721600000,0.0167015570136730,-1.7504438053100600,216.4225630687730000,6413.1958599668500000,0.9931885496786330,216.4152061607880000,23.4371029493998000,23.4347036536576000,-145.9088549044510000,-13.6558733388165000,0.0430172068232023,16.3442691365105000,#NUM!,5:47:39 AM,#NUM!,#NUM!,#NUM!,372.3442691365100000,-86.9139327158724000,103.6558733388170000,-13.6558733388165000,0.0237489652711081,-13.6321243735454000,#REF!
61.0,-143.0,8,5/17/09,12:00:00 AM,2454968.1666666700000000,0.0937211955281728,54.5016510653809000,3731.4031397075700000,0.0167046931292135,1.4160923009689600,55.9177433663498000,3732.8192320085400000,1.0112031430810600,55.9160268424524000,23.4380723440393000,23.4394953639083000,53.5911826703514000,19.2353088319599000,0.0430353006288446,3.6312363629808700,131.3947399018010000,5:28:22 AM,8:42:47 PM,2:13:57 PM,1051.1579192144100000,391.6312363629810000,-82.0921909092548000,69.4442588882104000,20.5557411117896000,0.0426722113294052,20.5984133231190000,#REF!
80.0,-44.0,9,4/1/18,12:00:00 AM,2458209.1250000000000000,0.1824537987679670,8.9436841480646800,6925.6925823330100000,0.0167009599718956,1.9110275251346800,10.8547116731994000,6927.6036098581500000,0.9990244645679380,10.8454778008218000,23.4369184491060000,23.4352005152808000,9.9695668275850000,4.2916726634908900,0.0430190828132224,-4.1162129403585800,120.6341126502380000,12:00:07 AM,3:57:35 PM,8:02:39 AM,965.0729012019020000,719.8837870596410000,-0.0290532350896342,75.7083286527646000,14.2916713472354000,0.0621998931647273,14.3538712404001000,#REF!
59.0,-64.0,8,7/13/07,12:00:00 AM,2454294.1666666700000000,0.0752680812229024,110.1753293691700000,3067.1085503043200000,0.0167054692378781,-0.2320830337016420,109.9432463354680000,3066.8764672706100000,1.0165822670249700,109.9392333509550000,23.4383123117245000,23.4407095863401000,111.5739020626820000,21.9596592274613000,0.0430398862647613,-5.6059719433564500,134.5462870227770000,12:21:36 AM,3:23:25 PM,9:19:47 AM,1076.3702961822200000,698.3940280566430000,-5.4014929858391300,37.2416226401598000,52.7583773598402000,0.0122600366454316,52.7706373964856000,#REF!
-12.0,-134.0,-1,9/8/10,12:00:00 AM,2455447.5416666700000000,0.1068457677389870,166.9963551422580000,4203.8752743548200000,0.0167041410780521,-1.7026816544786300,165.2936734877790000,4202.1725927003400000,1.0075787412895200,165.2927123830020000,23.4379016696831000,23.4382750125431000,166.4596618390900000,5.7958317790379600,0.0430306921128432,2.1224125169287900,89.6197911801478000,7:53:53 PM,1:55:24 PM,1:52:21 AM,716.9583294411820000,966.1224125169290000,61.5306031292322000,63.7113755212151000,26.2886244787849000,0.0325103924218863,26.3211348712068000,282.7177755985070000
-76.0,29.0,10,10/9/12,12:00:00 AM,2456209.0833333300000000,0.1276956422541680,197.6078900303590000,4954.4509548153900000,0.0167032639922939,-1.9110249259194200,195.6968651044400000,4952.5399298894700000,0.9989825562914560,195.6952313920780000,23.4376305340729000,23.4362761869596000,-165.5430529814800000,-6.1766239482409900,0.0430231443559411,12.5949796307806000,119.6367616531590000,7:51:24 PM,11:52:51 AM,3:49:57 AM,957.0940932252720000,968.5949796307810000,62.1487449076951000,77.4810682054663000,12.5189317945337000,0.0709522124477836,12.5898840069815000,295.7841368291580000
8.0,16.0,3,1/7/05,12:00:00 AM,2453377.3750000000000000,0.0501676933607118,286.5420423440990000,2163.5184258387300000,0.0167065247817960,0.1199850046811280,286.6620273487800000,2163.6384108434100000,0.9833270441861950,286.6540926222270000,23.4386387217165000,23.4408988817152000,-71.9414506193502000,-22.4028296613240000,0.0430406011820456,-6.0923726094483600,87.5896891408915000,2:02:06 PM,8:11:44 AM,7:52:27 PM,700.7175131271320000,1317.9076273905500000,149.4769068476380000,147.3201692796270000,-57.3201692796269000,0.0037014065154572,-57.3164678731115000,240.4162108929750000
34.0,-155.0,2,10/26/12,12:00:00 AM,2456226.4166666700000000,0.1281702030572620,214.6924443097160000,4971.5346930129800000,0.0167032440277970,-1.7938997171802000,212.8985445925360000,4969.7407932958000000,0.9941134507527660,212.8968698503180000,23.4376243627969000,23.4362353895265000,-149.3113610391170000,-12.4752324596932000,0.0430229903083876,16.0495560492890000,82.4570754035472000,12:03:57 AM,6:34:07 PM,5:33:47 AM,659.6566032283780000,716.0495560492890000,-0.9876109876777550,46.4847338590923000,43.5152661409077000,0.0169750817033632,43.5322412226111000,#REF!
33.0,-173.0,-10,6/8/07,12:00:00 AM,2454259.9166666700000000,0.0743303673283097,76.4169072410100000,3033.3517406768000000,0.0167055086743307,0.8428228699389900,77.2597301109490000,3034.1945635467400000,1.0149869341868600,77.2555746195732000,23.4383245059273000,23.4407490053151000,76.1516031047582000,22.8301233541403000,0.0430400351390072,1.0428275305504900,106.9894598519480000,1:30:57 PM,6:23:00 AM,8:38:55 PM,855.9156788155830000,1349.0428275305500000,157.2607068826380000,120.1037995000210000,-30.1037995000210000,0.0099522511848801,-30.0938472488361000,335.6819507119530000
-10.0,79.0,-3,5/11/16,12:00:00 AM,2457519.6250000000000000,0.1635763175906910,49.3398273342436000,6246.1211890877200000,0.0167017543521987,1.5269913172288300,50.8668186514725000,6247.6481804049500000,1.0100259686716400,50.8601888512619000,23.4371639352335000,23.4346539023673000,48.4270721219954000,17.9665408657156000,0.0430170189807367,3.6210373660662900,87.6124141879100000,3:40:23 AM,###############################################################################################################################################################################################################################################################,9:30:50 AM,700.8993135032800000,499.6210373660660000,-55.0947406584834000,61.1521967674696000,28.8478032325304000,0.0291827351577396,28.8769859676881000,#REF!
14.0,106.0,11,4/21/02,12:00:00 AM,2452385.0416666700000000,0.0229990873830667,28.4513113382213000,1185.4744132458200000,0.0167076671203447,1.8346104562171900,30.2859217944385000,1187.3090237020400000,1.0047162685732400,30.2755165717083000,23.4389920270650000,23.4394120528642000,28.1738109849710000,11.5687586768604000,0.0430349860058119,1.0758021974432000,93.8033286800982000,3:54:55 PM,9:39:43 AM,10:10:08 PM,750.4266294407850000,1205.0758021974400000,121.2689505493610000,116.4163237210670000,-26.4163237210665000,0.0116152793494111,-26.4047084417171000,290.7711415007460000
-46.0,121.0,10,9/12/01,12:00:00 AM,2452164.0833333300000000,0.0169495779146746,170.6643133089560000,967.6978177004870000,0.0167079214541938,-1.7571537788889400,168.9071595300670000,965.9406639215980000,1.0065781978643700,168.8966932389310000,23.4390706959303000,23.4389698688530000,169.7927934574660000,4.3932966748032200,0.0430333161247056,3.4229228978673000,86.6423917881319000,1:52:35 PM,8:06:00 AM,7:39:09 PM,693.1391343050560000,1327.4229228978700000,151.8557307244670000,131.7458170985880000,-41.7458170985877000,0.0064656889239223,-41.7393514096637000,219.0758938684030000
11.0,-27.0,7,9/26/01,12:00:00 AM,2452178.2083333300000000,0.0173362993383570,184.5865822752970000,981.6194216778120000,0.0167079051959054,-1.8880481136494000,182.6985341616470000,979.7313735641630000,1.0027083388224800,182.6880658198730000,23.4390656669385000,23.4389982412754000,-177.5334561294710000,-1.0689083718146100,0.0430334232703852,8.4152271793082200,90.6409233213422000,8:39:35 PM,2:37:01 PM,2:42:09 AM,725.1273865707370000,920.4152271793080000,50.1038067948271000,51.2483982313018000,38.7516017686982000,0.0200699537262644,38.7716717224245000,259.6078757729330000
22.0,-25.0,-3,9/15/09,12:00:00 AM,2455089.6250000000000000,0.0970465434633812,174.2167368778260000,3851.1125071613800000,0.0167045532611878,-1.7986700537270300,172.4180668240990000,3849.3138371076500000,1.0056562176079600,172.4166229293820000,23.4380291006023000,23.4392047831684000,173.0359665871460000,3.0090674099593900,0.0430342032600068,4.6905437284307600,92.1169709164336000,10:35:19 AM,4:26:50 AM,4:43:47 PM,736.9357673314690000,84.6905437284308000,-158.8273640678920000,147.5370748242410000,-57.5370748242411000,0.0036706485993668,-57.5334041756418000,#REF!
-20.0,101.0,5,10/2/12,12:00:00 AM,2456202.2916666700000000,0.1275096965548670,190.9137016945500000,4947.7570862423300000,0.0167032718149058,-1.9106715174212200,189.0030301771280000,4945.8464147249100000,1.0009329694564200,189.0014122580970000,23.4376329521449000,23.4362922677591000,-171.7304578096590000,-3.5677198912995400,0.0430232050757210,10.5527229605414000,92.1889073181339000,10:05:27 AM,3:56:41 AM,4:14:12 PM,737.5112585450710000,114.5527229605410000,-151.3618192598650000,143.3073690152130000,-53.3073690152131000,0.0042996711616769,-53.3030693440514000,#REF!
-47.0,69.0,-3,1/11/17,12:00:00 AM,2457764.6250000000000000,0.1702840520191650,290.8234312534910000,6487.5932577661100000,0.0167014720954287,0.2582313850258800,291.0816626385160000,6487.8514891511400000,0.9834509767501230,291.0740046483280000,23.4370767066524000,23.4347437444330000,-67.2180723150004000,-21.7837561614633000,0.0430173581914606,-7.8597275157212900,116.8412744173450000,4:31:52 AM,###############################################################################################################################################################################################################################################################,12:19:13 PM,934.7301953387590000,448.1402724842790000,-67.9649318789303000,59.4023900568760000,30.5976099431240000,0.0271982666400354,30.6248082097641000,#REF!
-37.0,17.0,-5,12/18/16,12:00:00 AM,2457740.7083333300000000,0.1696292493725800,267.2500318222300000,6464.0209843958900000,0.0167014996495679,-0.5376244384033290,266.7124073838270000,6463.4833599574800000,0.9839664630459250,266.7048461541710000,23.4370852218231000,23.4347295338895000,-93.5906514174917000,-23.3936751854949000,0.0430173045375583,3.3155703637110300,110.2323015867760000,5:48:41 AM,###############################################################################################################################################################################################################################################################,1:09:37 PM,881.8584126942050000,371.3155703637110000,-87.1711074090722000,74.0305965580317000,15.9694034419683000,0.0555793634581493,16.0249828054265000,#REF!
50.0,-125.0,4,12/26/00,12:00:00 AM,2451904.3333333300000000,0.0098380104950989,274.6424114485270000,711.6881445517380000,0.0167082204272900,-0.2826110815488800,274.3598003669780000,711.4055334701890000,0.9834742673361790,274.3495158109610000,23.4391631759676000,23.4384570311160000,-85.2610290808276000,-23.3669369210409000,0.0430313794680135,-0.4347120040457440,60.6420921932221000,12:20:26 AM,8:17:52 PM,4:23:00 AM,485.1367375457760000,699.5652879959540000,-5.1086780010114400,73.5070517260563000,16.4929482739437000,0.0537699573466873,16.5467182312904000,#REF!
82.0,-123.0,-3,2/28/08,12:00:00 AM,2454524.6250000000000000,0.0815776865160849,337.3259775472380000,3294.2483484115300000,0.0167052038756137,1.5725280501615400,338.8985055973990000,3295.8208764616900000,0.9904271098550090,338.8954009179050000,23.4382302604621000,23.4403835054588000,-19.4994897333006000,-8.2350617202899600,0.0430386547607959,-12.7187713418571000,22.4464657500087000,5:24:43 PM,3:54:56 PM,6:54:30 PM,179.5717260000700000,1115.2812286581400000,98.8203071645357000,99.3787969609495000,-9.3787969609495400,0.0349339701475270,-9.3438629908020200,277.5915206962570000
-40.0,46.0,13,1/12/11,12:00:00 AM,2455572.9583333300000000,0.1102794889345240,290.6129617892170000,4327.4859762401900000,0.0167039966402533,0.2546444968430540,290.8676062860600000,4327.7406207370400000,0.9834442326432570,290.8666940706900000,23.4378570169394000,23.4379349485827000,-67.4382207498499000,-21.8184827363495000,0.0430294079481592,-7.7921675456781200,110.8775806725510000,10:03:48 PM,2:40:17 PM,5:27:18 AM,887.0206453804110000,836.2078324543220000,29.0519581135805000,30.6167488489376000,59.3832511510624000,0.0095468529260247,59.3927980039884000,297.7260989518850000
1.0,-58.0,8,12/17/08,12:00:00 AM,2454817.1666666700000000,0.0895870408396033,265.6688994508040000,3582.5774972835900000,0.0167048670126906,-0.5847789171728560,265.0841205336310000,3581.9927183664200000,0.9840881343840860,265.0819957722790000,23.4381261053476000,23.4398313116617000,-95.3578803572663000,-23.3484069442404000,0.0430365693436305,4.0820589562826000,90.4756947412776000,11:47:55 PM,5:46:01 PM,5:49:49 AM,723.8055579302210000,732.0820589562830000,3.0205147390706500,24.5250373168206000,65.4749626831794000,0.0073615879120147,65.4823242710914000,186.6929932526940000
83.0,-153.0,3,12/19/02,12:00:00 AM,2452627.3750000000000000,0.0296338124572211,267.3065217240620000,1424.3182147969600000,0.0167073881721625,-0.5280832354444330,266.7784384886170000,1423.7901315615100000,0.9839363961502720,266.7683252212070000,23.4389057479441000,23.4398761561990000,-93.5216443461087000,-23.4003779771885000,0.0430367387016377,3.2546001970976000,#NUM!,1:08:45 AM,#NUM!,#NUM!,#NUM!,651.2546001970980000,-17.1863499507256000,106.6988824709900000,-16.6988824709898000,0.0192337745688477,-16.6796486964210000,#REF!
-59.0,-67.0,6,7/24/02,12:00:00 AM,2452479.2500000000000000,0.0255783709787817,121.3075064318400000,1278.3261731008800000,0.0167075586791253,-0.5902653801888900,120.7172410516510000,1277.7359077206900000,1.0158881720215900,120.7069218897800000,23.4389584856130000,23.4395965185622000,122.9165310517040000,19.9993363591787000,0.0430356826397026,-6.4755937445829800,54.8521910611506000,10:34:29 PM,6:55:04 PM,2:13:53 AM,438.8175284892050000,805.5244062554170000,21.3811015638543000,80.9375439507246000,9.0624560492754300,0.0966225823013622,9.1590786315767900,339.7012412907200000
-34.0,-22.0,-3,5/9/06,12:00:00 AM,2453864.6250000000000000,0.0635078713210130,46.7987190439285000,2643.7521628760900000,0.0167059638086005,1.5732294645110700,48.3719485084396000,2645.3253923406000000,1.0094731464256500,48.3660744195028000,23.4384652436358000,23.4410233444359000,45.9060991325166000,17.2967852114816000,0.0430410712474830,3.5441415390853300,78.9492844751926000,10:24:27 AM,5:08:40 AM,3:40:15 PM,631.5942758015410000,95.5441415390853000,-156.1139646152290000,152.8748221520480000,-62.8748221520481000,0.0029558584092514,-62.8718662936389000,#REF!
19.0,-41.0,-3,11/3/08,12:00:00 AM,2454773.6250000000000000,0.0883949349760438,222.7521705794730000,3539.6628183829200000,0.0167049171521271,-1.6805115921026700,221.0716589873700000,3537.9823067908200000,0.9919471526487160,221.0694032461810000,23.4381416077115000,23.4399222514318000,-141.3575105208100000,-15.1493140516496000,0.0430369127833452,16.4772301755503000,85.5668791176713000,11:27:31 AM,5:45:15 AM,5:09:47 PM,684.5350329413700000,32.4772301755503000,-171.8806924561120000,171.3380253684640000,-81.3380253684638000,0.0008790154391506,-81.3371463530246000,#REF!
-41.0,172.0,-10,1/16/07,12:00:00 AM,2454116.9166666700000000,0.0704152407027108,295.4693345656960000,2892.4109004772500000,0.0167056733263092,0.4199804052760290,295.8893149709730000,2892.8308808825200000,0.9836989292751540,295.8845495359940000,23.4383754189484000,23.4408870741970000,-62.1261095537483000,-20.9708767643477000,0.0430405565880643,-9.6355374549776900,110.7205694479570000,###############################################################################################################################################################################################################################################################,###############################################################################################################################################################################################################################################################,###############################################################################################################################################################################################################################################################,885.7645555836550000,1278.3644625450200000,139.5911156362560000,107.5657998522500000,-17.5657998522495000,0.0182270864011757,-17.5475727658484000,219.4129611534690000
-10.0,-173.0,3,1/25/09,12:00:00 AM,2454856.3750000000000000,0.0906605065023956,304.3144897560620000,3621.2212416333000000,0.0167048218628994,0.7066158296180570,305.0211055856800000,3621.9278574629200000,0.9844663724057270,305.0190938350490000,23.4381121458027000,23.4397470562356000,-52.6300154404101000,-19.0122255878216000,0.0430362511490816,-12.2414969272150000,94.3799694427533000,2:44:14 AM,8:26:43 PM,9:01:46 AM,755.0397555420260000,555.7585030727850000,-41.0603742318037000,40.6569130121338000,49.3430869878662000,0.0138482262763405,49.3569352141425000,#REF!
89.0,165.0,9,4/9/10,12:00:00 AM,2455295.1250000000000000,0.1026728268309380,16.7672697322832000,4053.6533648831300000,0.0167043166067439,1.9073923115858600,18.6746620438691000,4055.5607571947100000,1.0013428259318400,18.6735562247506000,23.4379559353763000,23.4386811632896000,17.2276225457973000,7.3168026571824200,0.0430322258645760,-1.8299249634947500,#NUM!,10:01:50 AM,#NUM!,#NUM!,#NUM!,118.1700750365050000,-150.4574812408740000,83.5534485616293000,6.4465514383706600,0.1306515608489140,6.5772029992195800,#REF!
59.0,100.0,-13,5/23/09,12:00:00 AM,2454975.0416666700000000,0.0939094227697881,61.2779766772182000,3738.1791416390000000,0.0167046852122303,1.2567369939872400,62.5347136712055000,3739.4358786329800000,1.0125717016314400,62.5330139498331000,23.4380698962976000,23.4394793658867000,60.4645663842294000,20.6673115323948000,0.0430352402124358,3.2430154994030600,131.1446772146480000,###############################################################################################################################################################################################################################################################,###############################################################################################################################################################################################################################################################,1:01:20 AM,1049.1574177171800000,1183.2430154994000000,115.8107538748510000,84.6802803075109000,5.3197196924890900,0.1526512061768670,5.4723708986659500,302.2265208527380000
58.0,94.0,-7,1/22/00,12:00:00 AM,2451565.7916666700000000,0.0005692448094870,300.9597113633610000,378.0213825239930000,0.0167086100706149,0.6043208375716050,301.5640322009320000,378.6257033615650000,0.9841394674060020,301.5543765579770000,23.4392837085567000,23.4378544349660000,-56.2043294737375000,-19.8125361466315000,0.0430291039120881,-11.3893481655169000,56.8118047897082000,###############################################################################################################################################################################################################################################################,###############################################################################################################################################################################################################################################################,2:42:38 AM,454.4944383176660000,784.6106518344830000,16.1526629586208000,78.9637483566670000,11.0362516433330000,0.0802116120097924,11.1164632553428000,195.4657174748260000
26.0,126.0,13,2/5/14,12:00:00 AM,2456692.9583333300000000,0.1409434177504040,314.5380075088950000,5431.3582905880000000,0.0167027066446466,1.0140271147892600,315.5520346236840000,5432.3723177027900000,0.9858152557925710,315.5489084295130000,23.4374582575705000,23.4352976466559000,-41.9902549085502000,-16.1718115805021000,0.0430194495552944,-13.9255158309786000,82.8424734185087000,4:49:56 PM,11:18:33 AM,10:21:18 PM,662.7397873480700000,1150.0744841690200000,107.5186210422550000,112.4539149656670000,-22.4539149656667000,0.0139617647617242,-22.4399532009050000,262.3145520804740000
-81.0,-51.0,-7,3/1/01,12:00:00 AM,2451969.7916666700000000,0.0116301619895007,339.1612449106390000,776.2038963200910000,0.0167081450857429,1.6095697869552800,340.7708146975940000,777.8134661070460000,0.9909027704225390,340.7604588290910000,23.4391398705249000,23.4385837924489000,-17.7557362894574000,-7.5314927247423900,0.0430318581592544,-12.3761313323058000,158.2013608509370000,8:36:23 AM,###############################################################################################################################################################################################################################################################,7:09:11 PM,1265.6108868075000000,203.6238686676940000,-129.0940328330760000,88.1856173207117000,1.8143826792883300,0.2962471314464080,2.1106298107347400,#REF!
44.0,148.0,-8,7/4/14,12:00:00 AM,2456842.8333333300000000,0.1450467716176180,102.2619059693260000,5579.0751326311400000,0.0167025340032752,0.0302619653299279,102.2921679346560000,5579.1053945964700000,1.0167014639204500,102.2884601544890000,23.4374048968074000,23.4350753925693000,103.3552142407370000,22.8672603625970000,0.0430186103858508,-4.3830772544523000,115.4172426311860000,###############################################################################################################################################################################################################################################################,###############################################################################################################################################################################################################################################################,1:54:03 AM,923.3379410494880000,1067.6169227455500000,86.9042306863869000,72.1974693481324000,17.8025306518676000,0.0496788781077655,17.8522095299754000,284.9091387191200000
-11.0,173.0,12,10/6/13,12:00:00 AM,2456571.0000000000000000,0.1376043805612590,194.3300979267070000,5311.1561230387700000,0.0167028471255942,-1.9140668634603700,192.4160310632470000,5309.2420561753100000,0.9999429691074300,192.4133423639570000,23.4375016790212000,23.4355092198347000,-168.5826076143830000,-4.9044471103394400,0.0430202484048404,11.6300381533196000,91.8076424392087000,12:16:22 PM,6:09:08 AM,6:23:36 PM,734.4611395136700000,1423.6300381533200000,175.9075095383300000,163.5821973322480000,-73.5821973322480000,0.0017001516535581,-73.5804971805944000,194.5708115478540000
-1.0,-175.0,-13,5/27/04,12:00:00 AM,2453153.0416666700000000,0.0440257814282412,65.4284843716846000,1942.4154293938900000,0.0167067830426474,1.1485911065028000,66.5770754781874000,1943.5640205004000000,1.0133421906520500,66.5683201073612000,23.4387185922371000,23.4406828745729000,64.7149045492037000,21.4072669628332000,0.0430397853821798,2.8141690492866400,90.5027570567321000,10:37:11 AM,4:35:10 AM,4:39:12 PM,724.0220564538560000,82.8141690492866000,-159.2964577376780000,151.2973985588450000,-61.2973985588445000,0.0031593232403279,-61.2942392356042000,#REF!
68.0,92.0,10,9/1/02,12:00:00 AM,2452518.0833333300000000,0.0266415697011222,159.5834789352060000,1316.6003173661500000,0.0167075139784062,-1.5799775402258100,158.0035013949800000,1315.0203398259200000,1.0093899929475400,157.9932279623360000,23.4389446595917000,23.4396712427261000,159.6546203370310000,8.5722137335123300,0.0430359648369130,-0.3355166232738700,114.3520014666290000,3:52:20 PM,8:14:56 AM,11:29:45 PM,914.8160117330360000,1207.6644833767300000,121.9161208441820000,93.3038664492377000,-3.3038664492377300,0.0999526323280550,-3.2039138169096800,302.7818722228970000